18

-0.10750323376309218 -0.014166340346271884
2.030274241348026 -0.4044673466158411
0.4123754558157292 -0.22128479172456958
-0.290335514860818 0.15411549305710495
0.04923582040437748 0.17387906425837954

-0.02367871706196962 -0.1199755739041918
1.282239371422048 -2.0436953289932593
0.9443623345897826 0.31753506304789075
-0.22988495574652304 0.3070458555998242
0.11531653693372679 0.18568743011695704

0.13141243676208375 0.6967497957514839
-2.2166519049874664 2.9910455129181472
-1.760896939625965 1.677799951918357
0.5313887713653881 1.9605698719974454
-2.388343346743249 -0.3508663470768796

0.12071922085301176 -1.5277541073033438
0.5533423635244847 -1.1657813788816611
0.41677513380310893 -0.1076449431006782
0.9040959377682432 -0.2432017075785013
-0.030859283358680406 -0.21955460746467065

0.023981598309614337 1.4102175298745365
1.211216548588345 0.851983535292962
0.4896333162866183 -0.08949666388945206
0.9491126566350266 -0.2138945562911145
0.4308937884683558 0.4050574279341743

-0.08711408870442532 0.08099054473307093
2.31836864088787 0.8255967470289244
0.14309588799282869 -0.6727927820104178
-0.25958908455870755 0.040861686241357845
0.07890593884884874 0.13742906887597756

-0.18068428502129363 -0.06468397749197558
1.148700262879624 -0.4268951463052311
0.7658093145378462 -0.3316667186921323
-0.25567655699657965 0.16515663316681692
0.08010009398584754 0.17240955851281844

1.0871140887044255 -0.08099054473307078
-0.25958908455870744 0.04086168624135823
0.07890593884884861 0.13742906887597772
2.3183686408878685 0.8255967470289223
0.14309588799282913 -0.6727927820104173

1.0236787170619697 0.11997557390419177
-0.22988495574652307 0.30704585559982417
0.11531653693372673 0.18568743011695707
1.2822393714220484 -2.0436953289932593
0.9443623345897822 0.3175350630478908

1.1806842850212937 0.06468397749197573
-0.25567655699657976 0.16515663316681692
0.08010009398584761 0.17240955851281844
1.1487002628796223 -0.42689514630523134
0.765809314537847 -0.3316667186921324

1.1075032337630923 0.014166340346271537
-0.29033551486081793 0.15411549305710465
0.04923582040437749 0.17387906425837943
2.0302742413480255 -0.4044673466158355
0.4123754558157288 -0.22128479172457202

0.8685875632379161 -0.6967497957514841
0.5313887713653859 1.9605698719974447
-2.3883433467432433 -0.3508663470768808
-2.216651904987466 2.9910455129181432
-1.7608969396259642 1.6777999519183517

0.8792807791469864 1.5277541073033418
0.9040959377682438 -0.24320170757850051
-0.030859283358680614 -0.21955460746467087
0.5533423635244842 -1.1657813788816616
0.4167751338031093 -0.10764494310067847

0.9760184016903856 -1.4102175298745374
0.9491126566350271 -0.21389455629111487
0.4308937884683558 0.40505742793417415
1.211216548588345 0.8519835352929613
0.4896333162866184 -0.08949666388945204

0.8769429681280798 0.7136072037193115
-0.4057889826290959 -1.9000836964173566
-1.015985715941113 2.363991872750918
-3.2715624888603148 -1.6047939058281124
-2.2397550016808383 0.6758239440036482

0.5203181820955467 0.386686087001768
-2.207955656151602 -1.107137349091412
0.665282773497477 -1.2435806495453505
-1.4225218733112888 2.2120296753365363
1.540684420180155 0.3856680920835596

0.4796818179044538 -0.38668608700176776
-1.4225218733112897 2.212029675336534
1.5406844201801544 0.38566809208356284
-2.2079556561516007 -1.1071373490914151
0.6652827734974794 -1.243580649545349

0.12305703187191959 -0.7136072037193122
-3.271562488860316 -1.6047939058281124
-2.2397550016808383 0.6758239440036505
-0.40578898262909835 -1.9000836964173573
-1.0159857159411112 2.3639918727509186
