16

7.297148065259444 -3.7969299471707454
0.06125202773860465 0.9251492821389162
1.4586512320807385 0.641527879044937
3.3162292880980537 -2.979942348702623
-0.6613217458488018 0.8321586519581641
2.6212360706406703 -2.6766427578876666
2.4522388848243555 -2.5938408784246976
-1.7265529790073868 -0.29337325907998707
0.24011427062306998 1.375412535460542
-0.19336068638852033 0.5669754468190339
0.147943349839693 -0.2784406507316879
-0.01641513182688631 1.5963735195205522
-0.33880136827427765 0.2772103200265199
-0.19788506286822416 1.6632361622942196
-0.26097545384785903 1.6764055030939693
0.44012684131549085 1.0212717350758722
