16

-1.2317649275136882 1.443311620851409
-0.6711147220455699 1.156535050372781
1.0344933737252449 -0.9052972690120792
-0.1303764485136008 -0.5088614446696887
-0.2559755776357977 -0.9496572084075632
-0.2197762317489714 -0.1390502640411513
-1.5663657860064117 0.7388647019163299
0.19142753827514455 -0.7009712021657296
-1.2317649275136882 -1.443311620851409
-0.6711147220455699 -1.156535050372781
1.0344933737252449 0.9052972690120792
-0.1303764485136008 0.5088614446696887
-0.2559755776357977 0.9496572084075632
-0.2197762317489714 0.1390502640411513
-1.5663657860064117 -0.7388647019163299
0.19142753827514455 0.7009712021657296
