16

0.34251475602559556 -0.004049086530166936
0.7887091211738905 0.40456141707642335
-0.29308788484418036 -0.7119766431008042
-0.05788094974101427 1.0621058608656466
0.3481429220775901 0.5647896941687547
0.9752789915293567 -0.47536996401227544
0.2718802928233125 -0.19783865775808526
-0.960484000333117 0.42339137045493325
0.34251475602559556 0.004049086530166936
0.7887091211738905 -0.40456141707642335
-0.29308788484418036 0.7119766431008042
-0.05788094974101427 -1.0621058608656466
0.3481429220775901 -0.5647896941687547
0.9752789915293567 0.47536996401227544
0.2718802928233125 0.19783865775808526
-0.960484000333117 -0.42339137045493325
