16

-0.1039174999431423 1.4147590469792437
0.19318267870646083 0.4986483795885767
0.1742090461451133 -0.028087532128949266
-0.42409494946816406 -0.8006853787047148
0.06638725570882127 -0.31289910933436366
-0.09972489954857167 0.02224883100059721
1.2577216405825928 -1.6694849372410703
1.148917426381422 0.7255091222627522
-0.1039174999431423 -1.4147590469792437
0.19318267870646083 -0.4986483795885767
0.1742090461451133 0.028087532128949266
-0.42409494946816406 0.8006853787047148
0.06638725570882127 0.31289910933436366
-0.09972489954857167 -0.02224883100059721
1.2577216405825928 1.6694849372410703
1.148917426381422 -0.7255091222627522
