16

-0.40234405838850335 0.8693456884239661
-0.5523397454423343 0.2576150035579927
0.0758333184292611 0.1736842674366046
0.11498743286714959 -1.2742114566104157
-0.1898824212684708 -0.045554840307736245
0.13865680439643824 0.18641584074682213
-0.6467814308371294 -0.7662720399597938
0.20154477607853213 0.38396675716623313
-0.40234405838850335 -0.8693456884239661
-0.5523397454423343 -0.2576150035579927
0.0758333184292611 -0.1736842674366046
0.11498743286714959 1.2742114566104157
-0.1898824212684708 0.045554840307736245
0.13865680439643824 -0.18641584074682213
-0.6467814308371294 0.7662720399597938
0.20154477607853213 -0.38396675716623313
