16

-0.9500209822591744 -0.4018407310438406
0.424012915718702 -0.5715052311952631
0.8316901248154882 0.8361394659363025
-0.012876363233250919 -1.7227565241328278
0.29055094430244294 -0.7944887573595559
0.10890238951988306 1.4591522547856626
-0.7912674355086389 -0.7584564224381621
0.2906752856377915 0.08088793798108279
-0.9500209822591744 0.4018407310438406
0.424012915718702 0.5715052311952631
0.8316901248154882 -0.8361394659363025
-0.012876363233250919 1.7227565241328278
0.29055094430244294 0.7944887573595559
0.10890238951988306 -1.4591522547856626
-0.7912674355086389 0.7584564224381621
0.2906752856377915 -0.08088793798108279
