16

-0.37026247166774284 0.9969719442931919
-0.5932138519106382 0.22169163053823873
-0.0686808904855748 -0.1690560680080279
-0.06218339958448208 0.2700267250423684
0.03590999122619575 0.9538532834785972
0.17469080376898935 0.4288508437437306
-0.5601169554883755 0.5744346142489233
-0.6094495510059256 0.18325048430342072
-0.37026247166774284 -0.9969719442931919
-0.5932138519106382 -0.22169163053823873
-0.0686808904855748 0.1690560680080279
-0.06218339958448208 -0.2700267250423684
0.03590999122619575 -0.9538532834785972
0.17469080376898935 -0.4288508437437306
-0.5601169554883755 -0.5744346142489233
-0.6094495510059256 -0.18325048430342072
