16

-0.3173594760710184 -0.3048761920868541
-0.542199639114895 -0.3271492721620806
1.1355067157006635 -0.5740154015470185
-1.1237181053050758 0.3510382499859307
-0.6721993740906762 1.3368247889162785
-0.553148901689193 -0.14333396620822045
1.782508719720155 0.04876945260816785
-0.06869398799366111 -0.531129013012415
-0.3173594760710184 0.3048761920868541
-0.542199639114895 0.3271492721620806
1.1355067157006635 0.5740154015470185
-1.1237181053050758 -0.3510382499859307
-0.6721993740906762 -1.3368247889162785
-0.553148901689193 0.14333396620822045
1.782508719720155 -0.04876945260816785
-0.06869398799366111 0.531129013012415
