16

0.08444794474170365 0.2029387019523991
0.15373235372464342 0.2946086336297582
-0.08294837278075443 1.1821353581429763
0.7831743236117138 -0.3739361413091917
-0.6578451640437045 -1.2575283322791513
-0.976047261286451 1.1614828952120086
-0.15801883957850407 -0.46103229481763486
0.16901310771095276 0.20989710161571798
0.08444794474170365 -0.2029387019523991
0.15373235372464342 -0.2946086336297582
-0.08294837278075443 -1.1821353581429763
0.7831743236117138 0.3739361413091917
-0.6578451640437045 1.2575283322791513
-0.976047261286451 -1.1614828952120086
-0.15801883957850407 0.46103229481763486
0.16901310771095276 -0.20989710161571798
