16

-0.4459373309963127 -0.3252757076746205
-0.744217918626214 -0.14358516791523132
-0.316329847217294 0.7045195345640385
0.18664523528366198 -0.6127420558340528
0.9044755737697263 0.17099315397497605
2.2846022718408174 0.9601027148391487
-0.5485935606242037 0.7276009959291848
-0.6874895415668706 0.5637771940366579
-0.4459373309963127 0.3252757076746205
-0.744217918626214 0.14358516791523132
-0.316329847217294 -0.7045195345640385
0.18664523528366198 0.6127420558340528
0.9044755737697263 -0.17099315397497605
2.2846022718408174 -0.9601027148391487
-0.5485935606242037 -0.7276009959291848
-0.6874895415668706 -0.5637771940366579
