16

-0.0049331899900509285 0.14430546323458696
0.4528577868609693 -0.8265787926871773
0.18942499265958843 -0.5860196841658022
-1.0531778195644113 -0.1951422201888888
-0.42214005957586653 -0.41200861091981344
-0.08010770016654913 -1.4588585424949778
0.09445580601981264 0.610372062296995
-0.04266659411161641 0.43409136734666387
-0.0049331899900509285 -0.14430546323458696
0.4528577868609693 0.8265787926871773
0.18942499265958843 0.5860196841658022
-1.0531778195644113 0.1951422201888888
-0.42214005957586653 0.41200861091981344
-0.08010770016654913 1.4588585424949778
0.09445580601981264 -0.610372062296995
-0.04266659411161641 -0.43409136734666387
