30

-0.3517898484749752 -0.04115942991624559
0.15129036036939197 0.6223873516353219
0.4858505676249115 0.3944769063767462
1.7957869049892026 -0.45710570450865573
-0.05638683489118632 -0.45411847437335395
0.4684404419950075 -0.1800181007864512
-0.4622241378272171 2.05748982064999
0.2896590892312304 1.0093123297861633
-0.14231153230844398 1.6246763342144972
0.36193663859568315 -0.019997329056477914
-0.04374942848936277 -0.2191080165674805
-0.4303375291010583 0.33416470846813706
0.39325259415845926 -0.23293398236328433
-0.22660973223239142 0.03796092631589474
-1.2633172341327898 -0.7725235044370108
1.7555695324935028 0.44701926807114595
0.3108286202436602 0.052688058986299365
1.2918769787576443 1.2797029082615996
-0.670247485809897 -0.008520036733267415
-1.2468741230956188 -0.5174116219776883
0.8974190901915956 -1.3637775663790839
0.9687680937924366 -1.9912602623562266
0.15315069724318917 -1.0282975592079644
-0.505115717108474 0.4238975384141216
-0.4509979244091221 0.8254352105224384
0.5164513929021523 0.3969830079531397
-0.6841445581420146 0.06079461797871228
-1.1734336610132796 -0.9872997061485034
0.6961074620501619 0.6976424571072793
0.7814202395627547 0.18682619024403135
