30

1.3671528600330223 -0.5478293046414096
0.012995840598739825 -0.8509463069680646
0.6207111664229196 -1.0899438895273987
-0.4452283380002249 -0.4026216386334839
1.0981043545863927 0.3253258183736865
0.8346191246483691 -0.8539950413836196
0.03168679822602145 1.3211030574395282
0.8855340941192991 -1.0108379649673365
-1.7157215012711455 0.6337343079667808
-0.7967876541003522 -1.4729187557380765
-0.1289365624877451 -0.8017588520271026
0.11653799484622118 -0.4446019849536178
0.12539673253091094 -0.70020685463246
0.6463755631583216 0.2457274509403368
0.35354492852941316 0.32081075414711785
0.42485636547070543 0.43332694693033913
-0.30134575207942094 0.18584517674884968
-0.32678755774665796 0.544261755271111
-0.31129821614152936 -0.058285968828350264
-0.6385935207522587 -0.17989649027058094
0.0015588533194566337 0.6310826592465827
-0.5798764190075893 -0.1339643071632634
-0.8127359257486594 -0.08540949282796834
0.5172061977357604 0.37811928043336096
0.6132790006405325 0.9053047945560259
-0.9320672589421075 -0.25392779284990113
-0.8134602214957283 -0.31893742233636674
0.885602642344319 1.0662120904765935
0.5053476358550812 -0.7208367926509688
-0.44647930603089053 -1.5294264031884723
