30

0.3493299628619022 0.36053607650708275
-0.0038422230047660956 0.4267393677643765
1.292808340570252 0.7750582247414753
-0.7870784361743558 0.5416228276766621
0.1406711887626577 -0.630453620730626
-0.4520000504088685 0.3114478336916681
1.5321762379263197 -0.45363211657170993
0.5182344257522875 0.9386984099528051
-0.629521130482587 -0.3164151125184279
-0.9873583407568052 -0.47049293515390467
0.9160830234347344 -0.3272383349030699
0.11614295498290074 -0.26514790257008347
-0.12790120810206662 -0.37218010742275187
0.8991295090518118 -0.38993487536677246
-0.12418251502564426 -1.5446181881347856
-0.9400231639311176 0.38734446913223264
1.1258003388808908 0.824876879118136
-0.26573327169472066 -0.6549255204666851
0.8568794732787005 0.7755067314211449
0.1340649549456872 -1.678303220479704
0.46163700417107484 -0.06214080539543779
1.076069583919201 -1.9166934097783965
0.22767405228891152 0.46805204841144926
-1.127409840894015 -0.5711704588731333
1.1564626966148985 0.8182769347241596
-0.28677444514106887 -0.2638064271647052
0.4850574073998463 0.4655978242484404
-0.10033213970851476 0.11164810905345608
0.3088794550140205 -0.21575241007359697
0.26061102689094545 0.2701627305795355
