30

0.23447561717339113 1.2570987443441095
1.4314713423579597 0.3202889579935424
0.55438542610695 0.24741924146146174
-0.3457334052091344 -0.6189910214475464
-0.5269205864083578 -0.26276138068468574
-0.6110194630706068 0.4977594672208833
0.08629879364282131 1.2808397770089657
0.3812654155599405 0.13834979238476122
-0.030513408429985157 -0.21177830362252234
-0.4221374872059277 0.3282203605224294
0.6772884340107133 0.07580664527149122
-0.5450288390843512 0.7271189153872565
0.35181938666451046 -1.3124337039621572
0.6197304031693629 -0.10262238669289352
0.29291421366320597 -0.4483862851456531
-0.24909571916927462 0.4928231376786955
-0.5651793728065279 1.0218604403478826
-1.4706333611684776 0.07462094395398566
0.1980231373533743 -0.2075279868396731
2.575921611242027 0.14122617214342761
0.6590730849070436 -0.44923269054228887
-0.6867575606078979 0.18051206896501143
-0.2122200341997522 -0.9381650368461735
0.03204649605909263 -0.3366147359872212
-0.3720878543723988 -0.13624130556796113
-1.549403499917484 0.4787621498369586
-0.0742098785980963 0.718523480472582
-1.1304357153654003 0.3045431193382914
-0.3819604198703212 0.36491435953455514
-0.24245100273063624 0.6038810366051856
