30

-0.5905939820699373 -0.23762397291152632
-0.6647944204513708 0.873196899559443
0.34547503824922426 -0.7453046822039203
-0.7257506815837602 0.2831967525162961
0.09092215302498101 1.0239075216132345
0.36271223384121476 -0.1522065191971369
0.005599524183801657 -0.5025544843784109
-0.20308270975949191 -0.11208688328507062
0.03239476131538589 -0.13139233074662446
0.05197835247680074 1.137793387961218
-1.0054652007816145 0.8989030884018786
-0.4558277884699476 -1.1884739060709117
-0.26154634645215696 -0.3751126773318303
-1.0522938782053786 1.6409706418118593
-0.3502982623379034 0.39091055111299616
1.029246252282831 -0.6900138798438507
-0.9399928593636454 0.9336927119746686
-0.1586219789327558 0.9775110788503854
-1.1493812589608607 1.4734596718078055
-0.5727630265332995 -0.4074922259833785
0.06335864036706056 0.04417120960363649
-0.10220291811617736 -0.10563791061151058
0.2072285886623035 -0.41103646785113884
0.5652038942363947 0.9932556161029438
0.4143959485834788 -0.2202876277269004
0.1724989150842271 -0.4927026047925514
-0.21659399717771935 -0.07025172653472606
-0.6069155937035056 0.018389082437390195
1.2303072409754814 -0.49951308381538984
1.2380920414533472 0.4014521371779466
