30

1.4789739650216807 0.7246140404662337
-0.6517469561127239 -0.024283115541782082
-1.0667798583616914 -0.17287018445505883
0.18332466945744968 0.2979120962699969
0.662083100830833 -0.7548801832161994
0.28008037265304714 1.002242262583929
-1.2065059915884446 -0.9451265953053021
0.18654781216637378 0.43503778866172016
0.3956561660463378 1.3536136058008759
0.1382874694847522 -0.016990351120298338
-0.9708232415577934 -0.7682437573509235
0.06669760491684008 0.10155429600838319
-0.12052697034110753 -0.23644571451307217
-0.6505141305480694 0.3860051760031041
-0.453346276899907 -0.05785322268252328
0.3040682701256116 -0.3386158320850663
-0.13588779013727237 -0.20097963906366864
-0.4101793778473473 -0.16052974474693454
-0.4284919919799697 -0.3556044690451646
-0.13912342837399755 -0.40422912511014225
0.3005538713568555 -0.2426138721198104
0.43841720148660984 -0.7910409725775801
-0.327388176541148 0.2249497723801131
0.3221475256168726 -0.4462476392418886
-0.05577882221195347 0.06411387786585808
1.0713786437438788 -0.9009830312439897
0.5535313163312332 -0.701251617825681
-0.18475051240168505 0.2676193898939119
-1.1636403870181373 2.257357005183851
-0.43730794479494806 -0.46384577917444225
