30

-0.8760865081446109 -0.8245161978967308
-0.371989298448952 1.175807247192591
-0.5889429565516365 -0.6815249624614181
0.05893625668644283 -0.15242494424272904
-0.04017905091825077 -0.32922740646951476
-1.1620912695313244 -0.880462208384591
-0.6128442732846304 0.2299959308120725
0.04451305089395737 -0.5613666038122553
0.4275591895528981 -0.4560517627610251
-1.44959201510603 0.9148102094587954
0.9642383181691287 -1.028506672030121
-0.04531547209868653 1.1658486088983617
-0.7706473388214675 1.6213385645828058
0.3905889030007126 -0.837367437811382
0.521976803491032 0.8715564019511688
0.9913423747115939 -0.9251461816473662
-1.5976395911608239 -0.6869570695244973
0.3812500672931469 -0.2640531551530478
0.6050593029483629 1.0735839629840869
0.24229108273519206 0.31651798241470175
0.2343873046310603 0.9209493301878944
-0.04243469809131875 0.2930962153305209
-0.05095304883782437 -0.07163754176755009
0.055623959461651266 0.11458865587499502
0.4749235468690426 1.3139464606178932
-0.5340685054046019 -0.05295858535911429
0.6838868206371786 -0.5368790063173585
-0.6012500786841708 -0.41545534317815064
0.14315666179481693 0.7966975827842401
0.06217289908817691 -1.268704027512965
