30

0.20612709570491522 0.22142648178884636
-0.8826146530806197 1.426369133395551
-0.0655063335419242 0.9100858590010146
-0.5027615894845239 0.7203436900605175
1.079391460831176 -0.3972972804368
-0.7301144237805041 -0.2315424104735854
0.6189866821801107 -0.19936481637078443
-0.7852126755865035 0.2822250832880884
1.1153399012498468 0.041463493311078695
0.6415701375667575 0.20784096067553712
0.08241650548028484 0.731218819490192
0.2515288129939279 -1.6784547045107179
0.1619410699957792 -0.28527158654375356
-0.3455840168834834 0.5495451565977272
-0.6842010675184269 -0.9531939670091937
-0.7442567220503926 -0.5817267565826413
1.071781647234188 -0.6367470319534076
0.46188628811386445 -0.2109987461752906
-0.9398120876545488 -0.7762433169560928
1.0539367594442495 0.4604817490033572
-0.5845020911366865 1.0501086607669474
0.02566767884001326 -0.014031627279564337
-0.2993459420437078 -0.04739048248313502
-0.02898191181583541 -0.3389137786784689
0.7120982632520004 -0.024227418029371936
-0.09080146051924094 0.9767116795506448
-0.3245843048926424 -0.3244565955736772
1.3299686453568984 0.306429190744337
0.5440539741695348 -0.8458864313482147
-0.09821201431579932 0.16075714654293893
