30

-0.595529114513545 -0.5509366911864767
-1.5097825444009028 -0.4311925531034645
0.17672690363735807 -1.809678321216309
0.5182943250177513 1.1968911610056658
0.651502886398273 -0.9647524507557902
0.016457688685325548 -0.07332099972145861
0.8617413180045201 1.076507251710227
0.6789486510117768 0.25846846288216974
-0.7024454741033347 -0.021648874531515316
0.7994052254532915 -0.09980940092637262
1.0296822837352877 0.636952763039916
-0.6255904772245714 -0.05521080406332777
-0.99733664667229 -1.1029633269168035
-0.11296230738300755 -0.5043669902948026
0.8472364767574148 -0.30469838719481335
-0.9889950302341557 0.7050106883320718
-0.9093533777206143 -1.5295808654901626
0.41723686237337393 -0.49488514681257084
-1.1389399820382207 -1.1450251376246146
-0.08282239657347541 0.18747761354604803
0.6056100610872388 -1.3687681580050732
0.7181808396279932 0.6450835815760646
-0.32520239542194557 -0.5439743830388052
-2.248218299779299 -0.07828868769343528
-0.923952496359109 0.9003145397701569
-0.35737494507582457 0.7076253560161054
-1.7611557929189663 -0.29432138844992317
-0.6937107681415048 0.27962895412049565
0.6585113123704723 -0.287175364938628
0.3640761747885978 -1.522287902968507
