30

1.358588411805377 -0.6588635567664777
-0.08206679829911108 -1.5264788099483313
-0.185464474070598 0.36786233719269185
0.24988905667489184 0.6297210321081151
-0.9794825638783314 0.5421672939003541
-0.9907650962186544 -0.07724617829763275
0.22352501652910814 -0.8946505140980409
0.249374004308583 -0.4712061845843996
0.3743900378654289 0.6304018702103401
-0.871144790639928 -0.6595476503066122
-0.3122298987646225 0.2502264807344342
0.9804302932283563 0.17139858136607458
-0.2846337080918794 0.9989405441819066
0.2889163992753481 -0.8496121014265696
0.6113092253837057 -0.295680936303806
-0.694206905934382 -0.6989536429146246
-0.7396895721378192 -0.3566593344367946
-1.6722304912421646 0.6097124601692898
1.026858547666193 0.9678747615461306
1.1779745796496839 -0.4334111561680183
0.032114354060348 1.4115857005503205
0.92089877198944 -0.13176553677465216
-0.5940610324052142 0.03848562415662137
-0.16326932351468848 0.6237704909268442
0.6774587507610127 1.1750270701352372
-0.8931263000140514 0.40153084177177134
-0.01695737619836285 0.9249782353464979
-0.46695560779614725 -0.24724170164362216
0.3994736875657043 0.23610604206369928
-0.7698348371155812 0.28106068372603604
