30

-0.49369156967245215 0.0
1.7204023949473213 0.0
-0.7417183981194169 0.0
-0.8635784079014918 0.0
0.6029177053033465 0.0
0.9446752531656942 0.0
0.7291830509436839 0.0
-0.5218868144798191 0.0
-1.0765342427717568 0.0
-0.05010553372123887 0.0
0.6361258005638539 0.0
1.2379945533952814 0.0
-0.7648164355894579 0.0
0.3604058664522405 0.0
-1.103381716842978 0.0
-1.0247175250076943 0.0
-0.17107698747022482 0.0
-0.37985662640352363 0.0
-0.6969645262245747 0.0
1.4194970309444745 0.0
-0.348954676538933 0.0
-0.44914375744299373 0.0
-1.4963500229525055 0.0
0.40395949728928354 0.0
1.9035706185355867 0.0
-1.451349089225967 0.0
0.330081300482488 0.0
-0.8445616536666549 0.0
2.481639586590719 0.0
-1.9259285544032387 0.0
