30

1.4229496523366987 0.0
0.410549725361266 0.0
0.27627667798018196 0.0
-0.7437065673172235 0.0
-0.9999064140375313 0.0
2.5497937108110595 0.0
0.43897610267776144 0.0
1.0746375833255661 0.0
0.389187429397335 0.0
-2.185994453295237 0.0
-1.0148173291762868 0.0
-1.5720042185118543 0.0
-1.2272247758999457 0.0
-1.0823515744716778 0.0
1.7784900334328355 0.0
-0.30812724862980717 0.0
0.8073191038273584 0.0
1.4450588997059077 0.0
-0.9561313039381482 0.0
-1.6620061012744483 0.0
0.5795488395291145 0.0
-0.9956343952356046 0.0
-0.6628794229360503 0.0
0.5943568778715668 0.0
0.08491289122870556 0.0
-0.15802618220941161 0.0
-1.4572845654661666 0.0
1.3347065636268625 0.0
-1.8317133242820798 0.0
1.271972759512958 0.0
