30

1.1041392440587743 0.0
0.0900526346695598 0.0
0.24326599711545305 0.0
0.6705180683283088 0.0
0.001022497942948629 0.0
-2.1329950007075618 0.0
0.07811419529192447 0.0
-1.5597748864796068 0.0
-0.41368619600459117 0.0
-0.7644215317442657 0.0
-1.6709877979947816 0.0
0.3408807780969813 0.0
-1.7761382505267291 0.0
2.981797365302898 0.0
1.342043277340418 0.0
-1.479749192408405 0.0
0.062014495174919804 0.0
-0.7782349914296932 0.0
2.2263445213399358 0.0
-1.6226513105997733 0.0
-1.214898432512466 0.0
0.4201918244332721 0.0
-1.7267939852529544 0.0
-1.4761567933122604 0.0
-0.10232616018201418 0.0
1.3840837543243165 0.0
1.7309050834903377 0.0
-0.6666323481142814 0.0
-1.2992172719260482 0.0
-0.4131469828089874 0.0
