30

-0.23920376794965134 0.0
-0.6133445116468386 0.0
-1.5417220869521977 0.0
0.6562129021490088 0.0
-0.8361052997459782 0.0
-0.6153528044930798 0.0
0.26435548131995523 0.0
0.037782275841815496 0.0
-0.2050126368586285 0.0
-1.7993059179304134 0.0
1.114266436369265 0.0
0.9415402003216123 0.0
0.9417945602241489 0.0
-1.6456792016760942 0.0
-1.3761631757917394 0.0
0.20731112304427557 0.0
1.2185181694572218 0.0
0.06916974787154961 0.0
0.28998543911834634 0.0
-0.33668014137612334 0.0
0.11874357052644359 0.0
-1.4272704903413682 0.0
-0.23730667484744153 0.0
0.018515991307702442 0.0
0.41656206992652955 0.0
0.5915194795266445 0.0
-1.641942167867713 0.0
-1.6316451896864579 0.0
0.7474001019516239 0.0
-1.5719648540731486 0.0
