30

-0.16253012463758287 0.0
2.314435989499768 0.0
0.8880154386527248 0.0
1.015231857089179 0.0
-1.0505137747029738 0.0
0.8591907469760475 0.0
1.2940961628868255 0.0
1.259434395693664 0.0
-1.6411435447746185 0.0
-1.5711975677772771 0.0
0.9968589823871731 0.0
1.0103597672552629 0.0
1.0913338903697993 0.0
2.458196849703418 0.0
-2.7204311491295066 0.0
1.590199861657863 0.0
-0.4897737662223168 0.0
0.5775826949056185 0.0
0.09200067723525507 0.0
-0.5812509302378628 0.0
-1.0521078939690889 0.0
-0.24482549663102665 0.0
0.7939046929040686 0.0
1.5460238416820413 0.0
1.0775177275693366 0.0
0.4478791803041454 0.0
-0.11640492771097302 0.0
0.6231502097285575 0.0
-0.44597041463434633 0.0
-1.399594243015299 0.0
