30

-0.0005003529400950033 0.0
-0.11643669020657132 0.0
0.2435259752068648 0.0
-0.9637121600339402 0.0
-1.1770179843470199 0.0
-0.27421243730133565 0.0
-0.5108937731724966 0.0
1.4697871299566843 0.0
0.37307713641709267 0.0
-0.030851384505228056 0.0
0.12072926668287193 0.0
0.13288241018358282 0.0
0.03770223468713507 0.0
0.7466102249609701 0.0
-0.4046716991440171 0.0
1.3576569402177823 0.0
1.4284839045602866 0.0
-0.14147444341466142 0.0
0.4344253101674859 0.0
0.41977340249916484 0.0
1.944541023276037 0.0
-0.117107495259316 0.0
1.1323250176654993 0.0
-0.3709317808459941 0.0
0.09814802474254643 0.0
0.7087420138855532 0.0
-0.30402299692499746 0.0
0.5179606207264876 0.0
1.2343272985797094 0.0
-0.7861501106772364 0.0
