30

-0.7971603631370427 0.0
0.34482825131609357 0.0
-0.6839984857452643 0.0
-0.40960400900745764 0.0
-0.031044103094155315 0.0
0.4739769446528135 0.0
-0.10786441006784178 0.0
0.6303178056758625 0.0
-0.1923765585374911 0.0
-1.5558563606258637 0.0
-0.5891200197507582 0.0
-0.33764292391930506 0.0
0.2535396895115069 0.0
-0.6271583431618156 0.0
0.855224390845211 0.0
-1.0960512702207381 0.0
-0.3006551099920868 0.0
-0.13787783499461354 0.0
-0.8760946017481559 0.0
-1.5485980864116202 0.0
-0.7860042316322964 0.0
-1.2763286652951567 0.0
0.3100955222977773 0.0
0.5103592565092044 0.0
1.264314808932421 0.0
2.1592676587075283 0.0
-0.13818827880415815 0.0
0.49720801400575476 0.0
-0.16528140114383544 0.0
0.04351076458554115 0.0
