30

1.0998818306723044 0.0
0.7746181512755766 0.0
-0.019785682947990095 0.0
-1.1433161474303064 0.0
-0.48049329666465507 0.0
2.544161729850976 0.0
-0.6182781113836795 0.0
0.8822035046507952 0.0
2.0509474091787183 0.0
-1.856907625810294 0.0
-1.5401533096923756 0.0
1.9166632664006389 0.0
0.6556600975086925 0.0
2.2887680567860333 0.0
-0.28609371175711323 0.0
0.09602354852933564 0.0
-2.8855044377484087 0.0
-0.8548230854531682 0.0
-1.4584548808043853 0.0
-1.3001455195929381 0.0
2.049378239600394 0.0
0.191704500585684 0.0
0.15180801900333335 0.0
-0.24268787005103676 0.0
1.169585038339896 0.0
-0.2259052856986132 0.0
-0.8382907138167549 0.0
0.5371493169588349 0.0
-1.7166450981442318 0.0
0.4174177195597182 0.0
