30

0.48431039670523934 0.0
-1.5274310252434282 0.0
-1.5443663625841173 0.0
-2.8830999940613666 0.0
0.3558016467854908 0.0
0.14782299123432865 0.0
1.0488074569873782 0.0
-1.048786923965438 0.0
-2.298942581518643 0.0
-0.25182523024451325 0.0
1.7288546906265605 0.0
0.41481949765748105 0.0
0.6136968304497075 0.0
-0.4245890106631502 0.0
0.5283435961865549 0.0
1.4481308274893232 0.0
0.7416079275823977 0.0
-0.9559772750546284 0.0
0.13087453177064265 0.0
0.819264338108339 0.0
-0.1394597528534236 0.0
-0.5071345553095558 0.0
-0.4137750974491787 0.0
-0.03511655910997141 0.0
1.098069783823416 0.0
-0.8869853666522269 0.0
-0.1965731999612913 0.0
0.16249500557491714 0.0
-1.000593859893962 0.0
0.9547600493435704 0.0
