30

-0.3154139400578196 0.0
-0.35159606113583786 0.0
-0.3479940814956229 0.0
0.8457282374237347 0.0
0.23889693410547724 0.0
-1.0695055378092257 0.0
1.4287495411038038 0.0
-0.0621300866530283 0.0
0.10932824845801017 0.0
1.61001640719285 0.0
-0.037855594470113337 0.0
-0.5066484184311711 0.0
-1.7718198625239647 0.0
-0.011060389752009075 0.0
1.3111336103750497 0.0
-0.1809279698474042 0.0
0.08727334299804838 0.0
-0.13841556368305052 0.0
0.30841557653115076 0.0
0.20888212430072942 0.0
-0.9033409481476669 0.0
-0.40157600525116705 0.0
-0.3153977627212967 0.0
0.24846911391509627 0.0
0.521046965444838 0.0
1.2898694289804145 0.0
-0.6497989091490793 0.0
1.2264985336611085 0.0
0.07251557872880963 0.0
0.7223339990641179 0.0
