30

0.13007242973470917 0.0
0.449785857604143 0.0
0.23145476341525603 0.0
-0.37085379969839344 0.0
0.6839558816425617 0.0
1.2960667203293117 0.0
0.746166142223134 0.0
-1.4214458281525166 0.0
-0.5054516112029103 0.0
-0.7058522428250231 0.0
0.64562329329674 0.0
-0.4175626474818138 0.0
0.16258499032658352 0.0
0.02743883493402663 0.0
-1.7039119448250133 0.0
-0.2588337170615065 0.0
0.03607151952606707 0.0
0.5358905312765553 0.0
0.2921111258333191 0.0
-1.8572602167814483 0.0
2.094623058534718 0.0
-0.11548545909227674 0.0
-0.2230831463805828 0.0
-0.006319754999356603 0.0
1.591047099702151 0.0
-1.9754342755068548 0.0
-0.0490317888770427 0.0
0.58003074644677 0.0
1.1134524333475622 0.0
0.3119728761441393 0.0
