30

0.1955331221861794 0.0
0.16009774449097633 0.0
-0.32004471555160907 0.0
-1.6768547409297498 0.0
-1.1666149717687788 0.0
-1.9521166911877361 0.0
1.4571029295598752 0.0
-0.3145691412025801 0.0
-1.980035594783899 0.0
-0.814781412384804 0.0
1.5037504941209734 0.0
0.121057901227806 0.0
0.31017818057322305 0.0
0.16433183451029498 0.0
1.250692812020535 0.0
-2.6004964633439984 0.0
0.026173667844964887 0.0
1.287853498552727 0.0
-0.6598244362009261 0.0
0.15872734805957478 0.0
-0.0638262657891388 0.0
-0.19845239867733375 0.0
-0.9995636033717008 0.0
0.31535977460400394 0.0
1.702674900181732 0.0
-0.22095237422497288 0.0
-0.896268354998066 0.0
-0.3051239151275025 0.0
0.7333509192093687 0.0
0.44414193260853496 0.0
