30

0.17314154485786937 0.0
-2.3468013528185345 0.0
-2.5508991015354185 0.0
-0.312515328484229 0.0
-0.26452213892645676 0.0
-0.7858462062368239 0.0
1.9243784392813237 0.0
-2.6556031828933246 0.0
-0.011058604800850042 0.0
-0.8264263371141015 0.0
-0.12110318223912597 0.0
-1.9550107023512198 0.0
0.8510822818492833 0.0
0.972333533191226 0.0
-1.3453767192770936 0.0
0.36786119224297376 0.0
-0.679064159200228 0.0
-1.5710206675671397 0.0
0.2716534681884034 0.0
0.5071703345768228 0.0
1.459031356163858 0.0
0.6311005085844692 0.0
-0.08699867911764408 0.0
-0.2548803516885654 0.0
1.9188539311475779 0.0
0.3385635527727713 0.0
1.5107349194432989 0.0
-2.023912360844555 0.0
0.5186024413370259 0.0
-1.1212772995285754 0.0
