30

0.7917569162436603 0.0
-0.3528354711741902 0.0
0.6404387259287136 0.0
0.5678262808855324 0.0
0.4091615700436677 0.0
1.3938127665984144 0.0
-0.05918664290795204 0.0
0.5988420613552442 0.0
0.32475752350555115 0.0
0.2974627855704003 0.0
-0.7350384141310209 0.0
-0.056905093649419654 0.0
-0.9397773197303506 0.0
-0.605314777911736 0.0
-0.3384699495488158 0.0
-0.6890608873375031 0.0
-1.7118506002772342 0.0
0.34805860129218497 0.0
-0.3616530923273761 0.0
0.1844730950475221 0.0
-1.3871202588323694 0.0
1.6541378627634744 0.0
1.3564454959947232 0.0
-2.4370177521092584 0.0
0.2382846690163249 0.0
1.5191126842254534 0.0
-0.37972843108474147 0.0
-0.3537474722567211 0.0
0.7256706124118341 0.0
0.0751314075841083 0.0
