30

0.023692731877484857 0.0
0.11231125943601646 0.0
-0.4800718405751171 0.0
0.5849324078353363 0.0
0.5660713208662181 0.0
0.0396227345289251 0.0
-1.1553859574954115 0.0
0.4596042502684646 0.0
0.9042091763019743 0.0
0.5519681820080553 0.0
0.8039653390698653 0.0
-0.15462845307340825 0.0
0.08037845657741301 0.0
1.4267710228359942 0.0
0.08188100457358344 0.0
-1.5400947540031809 0.0
-0.08879960068375888 0.0
0.13799089715102697 0.0
0.5572482690627313 0.0
0.9139413988108867 0.0
0.3786405060113248 0.0
0.08060979857597803 0.0
-1.4143032108143851 0.0
-0.21323165802791408 0.0
-0.8675846367006034 0.0
0.269250174634875 0.0
1.1999287681547206 0.0
-0.21220336605168946 0.0
-0.09260123382308909 0.0
-1.276546881772171 0.0
