30

-0.24289972054676637 0.0
-0.9779645827220237 0.0
-0.42344884797100474 0.0
-0.158943678552169 0.0
1.4133548608344069 0.0
-0.3158231694735254 0.0
-0.29729469323842556 0.0
-0.7475790329317131 0.0
-1.0433274747773684 0.0
0.4510858631718055 0.0
0.44616162085275385 0.0
-0.39203505596188937 0.0
-0.13242200136871993 0.0
0.9830598434627688 0.0
-1.3248202137517333 0.0
0.7614837440993678 0.0
0.006474035529769998 0.0
0.5080386334881638 0.0
1.4616606962790832 0.0
1.7627603519072594 0.0
2.8945490768695876 0.0
0.07735804573505009 0.0
-1.2339422185036866 0.0
-0.9847742264549817 0.0
-0.35619057456702935 0.0
-2.597154306452993 0.0
0.1154115341735559 0.0
-0.897230356964003 0.0
-0.8058880699387471 0.0
1.1820566565406905 0.0
