30

-0.46908625447157315 0.0
1.0836781253905743 0.0
0.04954725635354714 0.0
0.4106110122360156 0.0
0.8071060804735347 0.0
0.16420754513531147 0.0
-0.01817051699916164 0.0
0.9272535513181159 0.0
1.0112152486787185 0.0
0.624024052059698 0.0
-0.9786562024207283 0.0
-0.6539192054006532 0.0
-0.48714826446711873 0.0
-0.07060795622671671 0.0
0.3587488265905652 0.0
-0.07595020315804996 0.0
-0.2861101255388945 0.0
-0.9781166367944819 0.0
1.167485183801059 0.0
0.5346697692470874 0.0
1.6174379368587783 0.0
0.6445764897610646 0.0
1.422619450768625 0.0
1.19768925431287 0.0
0.7505177703720334 0.0
-0.4290645074468172 0.0
-0.1812585099512344 0.0
-0.25519103492597783 0.0
0.34973257698754023 0.0
-0.47760601137966646 0.0
