30

-0.7910253787401212 0.0
1.2267971058379397 0.0
0.24684443907403256 0.0
-0.26337005838452143 0.0
1.814259129307796 0.0
-1.0066293336263155 0.0
-2.2197373496198898 0.0
-0.07692922804647814 0.0
-0.3967239986567924 0.0
0.7822295608927692 0.0
0.24441138677786572 0.0
-1.3345291701799895 0.0
1.7220754636600424 0.0
-0.10770336880079204 0.0
-2.171500860021162 0.0
0.4055371121112478 0.0
-0.7683298193490116 0.0
-0.31925405237241994 0.0
1.388802541139778 0.0
0.2993214510466846 0.0
-0.7990426326602067 0.0
0.7688880883454325 0.0
-0.5615157290889117 0.0
-0.7785470413434319 0.0
-2.1719021844677475 0.0
-0.9937746448135217 0.0
-1.792347821542282 0.0
-1.1791078656072664 0.0
-2.4786541530639914 0.0
0.612440284181996 0.0
