30

-0.06705970537356637 0.0
0.6954918486177679 0.0
-1.1896957477706127 0.0
0.19168785831683188 0.0
0.8015282000420958 0.0
-1.4360363549070163 0.0
0.35808748973097804 0.0
-0.9052380248721376 0.0
0.5020324523467856 0.0
1.5520263480594128 0.0
0.13435345035345955 0.0
0.8646967405428184 0.0
-0.6614749668980235 0.0
1.4293721743970211 0.0
0.018166725573903378 0.0
1.0433348554017525 0.0
-1.7920008803758787 0.0
-1.387804247528799 0.0
-0.2668434786106917 0.0
-0.8441534740439403 0.0
-1.1602269182242722 0.0
-0.7011809471361055 0.0
1.9935901878956996 0.0
-0.1026744399330143 0.0
0.5578450522525911 0.0
-0.12456790940399731 0.0
-0.23995856941465954 0.0
-1.3915048348893757 0.0
0.03291967973437381 0.0
1.5154199960418486 0.0
