30

-0.6637058755438018 0.0
-0.5969201938662444 0.0
-0.20575325894791946 0.0
0.13557793840888893 0.0
-0.5956887752247715 0.0
1.4138134295050868 0.0
1.0125922300567325 0.0
-0.05395573693142351 0.0
0.34486380013901413 0.0
1.4222181162432372 0.0
-0.9965235907947708 0.0
-1.3540265385128456 0.0
0.3217542606592081 0.0
-0.5306437446393881 0.0
0.8017166094723666 0.0
0.4683479298795697 0.0
0.07919412058877617 0.0
-1.0772499184181432 0.0
0.2192687881865853 0.0
-1.0113879544188416 0.0
1.3411486273042628 0.0
-0.7495564251398199 0.0
1.12427077786545 0.0
0.6614201348322498 0.0
-1.1431775809805187 0.0
1.5724094213814286 0.0
-1.893063968369773 0.0
1.4087117543920396 0.0
0.7445693215833563 0.0
-0.29908755909635865 0.0
