30

2.349208205739186 0.0
0.09944843072358717 0.0
1.2866002653293942 0.0
0.3654596142794577 0.0
1.119229429588884 0.0
2.042529662785905 0.0
0.5492141550497852 0.0
0.30436729352536845 0.0
2.2832293908044203 0.0
-0.0601314361135179 0.0
0.6872449619824823 0.0
1.59787720553931 0.0
0.8274145406075466 0.0
0.35498744897967305 0.0
-0.25852685247537005 0.0
1.2053891918967496 0.0
1.853599037168051 0.0
-1.1578145643483353 0.0
-1.2666108975086172 0.0
0.5728577825556207 0.0
-1.0957458594544343 0.0
-1.509541132175733 0.0
0.8104259041837993 0.0
-0.26348675210852873 0.0
-1.068449392407413 0.0
1.7924512030832482 0.0
0.5163648396914753 0.0
-0.05086561442245069 0.0
-2.0072924378484434 0.0
0.6562115400585619 0.0
