30

0.34720354083169375 0.0
0.06804447568415095 0.0
-0.6865181654946473 0.0
0.07540738946582339 0.0
1.989588705424961 0.0
-1.547441139154318 0.0
-0.9388800210128119 0.0
-0.6992436991317702 0.0
1.3435902660418666 0.0
-0.4688912061967311 0.0
0.29007734343382285 0.0
0.3493091836183075 0.0
1.5870602156824827 0.0
0.2756913143603423 0.0
-0.380924277314383 0.0
0.8628157377263526 0.0
-0.12390632739010331 0.0
-0.26762765819540607 0.0
0.7628917845101807 0.0
-0.036733554773166865 0.0
-0.39883501938317495 0.0
0.26940948506649065 0.0
0.76856326588759 0.0
-0.5472765758816721 0.0
0.25198889061114865 0.0
1.3915753477383874 0.0
0.7773785034692041 0.0
0.7816342456043942 0.0
1.3717687974052832 0.0
1.8382467281066182 0.0
