30

-0.045101068202079084 0.0
-0.8328693187739993 0.0
0.019574466044638895 0.0
0.023219833964383044 0.0
-1.1356225870854366 0.0
-0.26230776946635026 0.0
1.2579493089963287 0.0
1.6056408812496052 0.0
0.253134757174635 0.0
0.131864417932685 0.0
-0.16821944888607854 0.0
2.1240357424788296 0.0
0.3362929407488543 0.0
0.7166519036753636 0.0
0.4817600409827387 0.0
0.7060958021289512 0.0
-1.1021299431015579 0.0
-0.34099321363673835 0.0
0.7140228423856528 0.0
0.004165560348656971 0.0
0.5493028734773073 0.0
-0.6117709744702232 0.0
1.6596318859991723 0.0
0.9539732029723066 0.0
0.7660598805400819 0.0
-1.2438209832947564 0.0
0.44680550832504407 0.0
0.053901921732562634 0.0
0.6441544870637027 0.0
0.3569427569255077 0.0
