30

-2.4238732572711053 0.0
-0.6823679683858263 0.0
-0.3910845038616054 0.0
-0.5977895348927492 0.0
-0.6769131615505365 0.0
0.37576534777523474 0.0
-2.2372819594976696 0.0
0.7022722576953104 0.0
0.45780461329541683 0.0
0.5695682983110747 0.0
1.7615446050703187 0.0
0.5637510764305778 0.0
0.76944844341709 0.0
-2.1295228255116103 0.0
-1.7109775128881297 0.0
1.006888901060519 0.0
-1.1310222298588577 0.0
0.12383903852277259 0.0
-1.032824668088712 0.0
-0.2908423587797577 0.0
0.5489942173941554 0.0
-0.34570810252866724 0.0
-1.2460557677617223 0.0
-1.6793526562272494 0.0
0.6312886898144864 0.0
0.1159642660280044 0.0
0.9018962865913303 0.0
1.7802342147017822 0.0
-0.5034384050467379 0.0
-0.5426872093844477 0.0
