30

0.6001764489308219 0.0
0.9994434961586222 0.0
1.3066211035016893 0.0
0.5414649456613204 0.0
0.5205720357582926 0.0
0.8929337596015372 0.0
-2.148352807112784 0.0
0.39862424903918825 0.0
0.24578498437995633 0.0
-2.419688240452048 0.0
-0.5159162558580548 0.0
0.4729946687608526 0.0
-0.10198209149649844 0.0
-1.1853688337448876 0.0
0.7955853904122815 0.0
-0.8279864744030396 0.0
0.12145694425956105 0.0
0.3107197619021429 0.0
-1.1646896024430873 0.0
0.13832642368290013 0.0
1.354436650869008 0.0
-0.9574596018362673 0.0
0.1950185374038113 0.0
-1.3823359460742644 0.0
-0.3071424346045324 0.0
0.9819555380847873 0.0
0.6517920305572769 0.0
-0.23960472744055714 0.0
2.072760296206056 0.0
2.1090940677874066 0.0
