30

0.08309863158374611 0.0
1.2848947122440586 0.0
0.2898046892623749 0.0
-0.8767223147826276 0.0
1.3154443773420201 0.0
-0.8185371902159754 0.0
0.7323688768897095 0.0
0.7592016603958783 0.0
0.019168057311781433 0.0
0.05133715167712819 0.0
-2.844613914184436 0.0
-0.8316225182737172 0.0
0.395972686818084 0.0
-1.934685849710876 0.0
-0.3435744233369338 0.0
-1.8132955438625094 0.0
-0.614637408295609 0.0
0.2610658769852466 0.0
1.828556273753379 0.0
-0.4614129343117706 0.0
-1.9400136527055156 0.0
-0.7355139144108594 0.0
0.3245991743047944 0.0
0.12164560880123225 0.0
0.937997493300361 0.0
-0.5336645125881323 0.0
-0.1972694883151353 0.0
0.3558805761648272 0.0
-0.23129042509376752 0.0
-0.4741194122968657 0.0
