30

-1.2170183139611919 0.0
-1.219538103020878 0.0
2.027591840028019 0.0
1.0227090326275645 0.0
1.1693349337980692 0.0
0.2779573853990712 0.0
-2.082841487253832 0.0
-0.03272702918451558 0.0
-0.7674111323997462 0.0
0.4926855966539915 0.0
0.01599724013250647 0.0
-1.7198086794222827 0.0
-0.22950181750162502 0.0
0.32465801779717207 0.0
-1.0997454527660107 0.0
-0.4964046486948584 0.0
-0.27441477559346156 0.0
-1.657706859767955 0.0
-0.5214724170460968 0.0
0.3262558504099291 0.0
0.6819372128210683 0.0
1.7728414494305877 0.0
0.30336535131893727 0.0
-0.4244756093910328 0.0
-0.33763522517682687 0.0
0.04944237949730546 0.0
-0.31391377040918134 0.0
-0.02040911521146 0.0
-0.7221065303544855 0.0
1.8960599188246436 0.0
