30

0.7777137032187531 0.0
0.4011207031061033 0.0
0.7939013883255527 0.0
1.1423419515892552 0.0
-0.43850587575138705 0.0
1.3190575564581493 0.0
0.02100083508994433 0.0
-0.4626167727410871 0.0
-2.073318333477046 0.0
0.550433987483601 0.0
-0.666201116423209 0.0
0.7509738008946164 0.0
-0.5791237681762456 0.0
1.1415188278204673 0.0
1.5841467793439565 0.0
-0.16390239789589006 0.0
-0.10697751053353934 0.0
1.1165561864283662 0.0
0.5969397350785396 0.0
-1.0211124185806222 0.0
1.170154644164446 0.0
0.8698987163108945 0.0
0.05518051285697873 0.0
0.9773125911794202 0.0
0.6798818044854005 0.0
-1.5439520697116007 0.0
1.5748509995373616 0.0
-0.03519265223263369 0.0
-0.8222180302550174 0.0
-0.1554241839843821 0.0
