30

1.8814975822015358 0.0
-1.7998271234935173 0.0
0.5483402306263171 0.0
-0.18740839522948707 0.0
1.3792079581461516 0.0
-0.7677505313619419 0.0
1.1912407600518045 0.0
-2.1661096336951755 0.0
2.389468775589091 0.0
-0.2046216549378816 0.0
1.4368538008345608 0.0
0.7424637210695342 0.0
-0.9733236421275135 0.0
0.512432569118103 0.0
0.2345715145932277 0.0
0.08268294269702604 0.0
1.1459165288011595 0.0
-0.3014770704283958 0.0
1.0394342334194202 0.0
-1.237138077521947 0.0
-0.8485200058434375 0.0
-0.27685650934734973 0.0
-0.6494737518475927 0.0
-0.4597208351030876 0.0
-1.5143402300609528 0.0
0.7320549823238587 0.0
0.606084020914962 0.0
0.7124224980797014 0.0
0.7600951340941321 0.0
-0.1553904207796312 0.0
