30

0.3868920463296567 0.0
1.3399625184220558 0.0
1.138573089793635 0.0
-0.15128743713770892 0.0
-2.0265032505155283 0.0
-0.5067378836839214 0.0
1.289572100608928 0.0
1.0645986785252786 0.0
0.39429495697402683 0.0
-0.8496586630516711 0.0
0.5911904206742058 0.0
-1.1314485315935108 0.0
1.5453931978511144 0.0
-0.619696580029573 0.0
-0.527417065190702 0.0
-1.0107798150221208 0.0
-0.3708349153694529 0.0
-0.20649226906120516 0.0
-0.33527778526560087 0.0
-0.32288288623097017 0.0
-0.046026328743548235 0.0
-0.3095003431117268 0.0
-0.033410144556265564 0.0
-0.36933651292126685 0.0
0.3143022026449349 0.0
-0.2112960222050485 0.0
0.3726572874732012 0.0
-0.999161300109747 0.0
1.423942036513443 0.0
-0.62316189792143 0.0
