30

0.16971467947882352 0.0
0.4066052705790615 0.0
-1.1251838694791452 0.0
0.5877641262332244 0.0
-0.4066783387958379 0.0
-1.8071720354697647 0.0
0.27507692336253026 0.0
0.9079250004827325 0.0
-0.10881729850061839 0.0
-1.4126517077071608 0.0
0.6260377511916387 0.0
-0.14405569349994685 0.0
1.0991337287337486 0.0
-0.3918078601575207 0.0
-0.960028223879391 0.0
0.9562916271725908 0.0
0.35491141116451896 0.0
-0.3442318713086605 0.0
-0.04169247465741958 0.0
-0.7978763775124663 0.0
0.47049758440680045 0.0
0.8792209219454197 0.0
-0.4863779125483519 0.0
-1.8597513742003593 0.0
-0.8660302405299888 0.0
-0.09196153324786968 0.0
-0.4396512217472522 0.0
-0.5493437928128898 0.0
-1.7259934398560755 0.0
1.2333211674129114 0.0
