30

1.1452473024020586 0.0
-0.35856780093271934 0.0
-0.4141905587641671 0.0
-0.0005503884416106105 0.0
0.14508823554234415 0.0
1.1870648122092158 0.0
0.047934888574155364 0.0
-0.8805457834868013 0.0
0.560668342941067 0.0
0.22913550418132575 0.0
-0.6616734553597138 0.0
0.5333770376789626 0.0
0.4518856767290707 0.0
0.3578731001040045 0.0
-0.9669734458226749 0.0
2.5121763059379103 0.0
0.4251473383394766 0.0
-0.2838895323107857 0.0
-0.20947038028627918 0.0
-0.22082047756318635 0.0
0.007627063429113757 0.0
1.0048544413226514 0.0
-1.2251814415994589 0.0
-2.555866709149875 0.0
0.24829576998500924 0.0
0.6177140357047011 0.0
-0.7170987693280297 0.0
0.04506332208753542 0.0
-0.10222696515422533 0.0
0.4224935534996684 0.0
