30

1.272697270453321 0.0
1.5394008010363742 0.0
-1.4937267861286467 0.0
1.599704676174674 0.0
0.5515546925268054 0.0
-0.8514946445061211 0.0
0.26928765597331294 0.0
0.7247215303950686 0.0
-0.0200008942626103 0.0
-0.48732169923069596 0.0
-0.8114945077993835 0.0
0.6906563534551142 0.0
-0.9573373472140245 0.0
1.2285049539369957 0.0
-0.9685355670491711 0.0
-1.5429016499856671 0.0
-0.36644309661965785 0.0
0.415813161829912 0.0
-0.6707853857901659 0.0
0.047173105562702516 0.0
0.36732381173951956 0.0
-1.5426543161298145 0.0
0.8682384873943693 0.0
0.20729088268701468 0.0
1.923213176151869 0.0
-0.3358458233843945 0.0
0.5741154470339094 0.0
-0.4639941549979095 0.0
-0.551569680951731 0.0
-0.7312013426852287 0.0
