30

1.5587292894585707 0.0
-0.6610835376383694 0.0
-0.8522047441363161 0.0
1.9294380802324025 0.0
1.7276053191680374 0.0
0.5704612317630363 0.0
-0.7011713155405944 0.0
-1.437120844916657 0.0
-0.8901095032600753 0.0
0.9909605487705953 0.0
2.3746870888332063 0.0
-1.3652218999547614 0.0
0.45123187034762785 0.0
0.16706025440411343 0.0
1.6793958566584075 0.0
2.176897441640163 0.0
-0.21084389718237595 0.0
0.7537596042901322 0.0
-0.25875998043528925 0.0
0.21342297105331665 0.0
-0.3915789558402941 0.0
-1.1461632215611015 0.0
0.039543551838751086 0.0
0.9459627791350038 0.0
-1.8973491527407478 0.0
-0.1466547439222775 0.0
0.331545350199974 0.0
1.5590210588059994 0.0
-0.8680245212746053 0.0
-1.8317737921451818 0.0
