30

0.21718877996339456 0.0
-1.1625636104398815 0.0
1.0586030049751733 0.0
-0.6346474785675918 0.0
-0.44773529889109975 0.0
0.5028811003426464 0.0
-1.072472115631209 0.0
-0.1223678097068721 0.0
-0.022187315264767297 0.0
-0.5005247863388672 0.0
-0.4919245203553102 0.0
0.5258325137296878 0.0
2.0998432797778506 0.0
-0.2784631209595499 0.0
-0.5129994478301871 0.0
-0.4198640293575628 0.0
1.4825938738472033 0.0
1.1008783129139652 0.0
-0.500701064072962 0.0
-1.1625060912346046 0.0
0.29607339154282625 0.0
-0.4982122980910821 0.0
-2.7533353170960178 0.0
-1.3167335625682235 0.0
-1.5207928207316799 0.0
1.4242418661985947 0.0
1.8226576785252089 0.0
-0.7874525338880656 0.0
0.7205109300925742 0.0
-0.7438110683264971 0.0
