30

-0.33891077410129605 0.0
-2.4307445381306447 0.0
1.3153151903983404 0.0
-0.6896987596393915 0.0
-1.9166775808538727 0.0
-0.9514099786603684 0.0
-1.2878097535123654 0.0
-1.828314959371432 0.0
-0.5273567956604448 0.0
0.6448988586182578 0.0
2.0210522370834623 0.0
1.1771982080385743 0.0
-1.6104070145845841 0.0
-0.7011833909020616 0.0
1.1526099188671113 0.0
0.3890031124837923 0.0
-1.03126446451441 0.0
-1.7249571230197909 0.0
1.7914834425333392 0.0
-0.47929763698112027 0.0
0.6176603774551249 0.0
-1.1425627483791263 0.0
0.32984653430627536 0.0
0.1308534078849411 0.0
-0.5430976495706826 0.0
-0.9036679145017411 0.0
-1.148831554633526 0.0
0.542867543809548 0.0
0.3546258747767018 0.0
0.5945921040096107 0.0
