30

-0.7930347375746715 0.0
0.5569956478441669 0.0
-0.19409966921896699 0.0
0.3018455261860123 0.0
-0.6007637721537485 0.0
1.0624772483380354 0.0
-0.48269489571918156 0.0
-1.270716490504097 0.0
-0.6460342775347477 0.0
-0.40567602225829413 0.0
-1.2597255224525483 0.0
1.5270359207301636 0.0
-0.21287463268793302 0.0
1.5569858268766306 0.0
-0.09735653875102286 0.0
-0.8394459427401588 0.0
-1.3142798103711164 0.0
1.4947771324694914 0.0
0.20192573654482723 0.0
-0.27168104776041463 0.0
0.6086827731421578 0.0
-1.9187999766178698 0.0
0.6271509567451006 0.0
0.19520827193487744 0.0
-0.3939407705821561 0.0
1.0514322646106644 0.0
0.031144796420094923 0.0
-0.04474789588034317 0.0
-0.764236604701501 0.0
1.100382342744475 0.0
