30

0.052970613463045414 0.0
0.7283752401537714 0.0
-0.5038517917972615 0.0
1.7627971160734182 0.0
-1.0699911174707408 0.0
-0.4866631096346379 0.0
-0.7981668138872222 0.0
-1.0509473191503078 0.0
1.5730717823464035 0.0
1.702990071652158 0.0
-1.8978177633703743 0.0
0.08704956417998262 0.0
-0.3652671747373763 0.0
-0.2579832926670848 0.0
-1.6385612035916122 0.0
-0.2753369771380998 0.0
-0.01571883675590048 0.0
0.3285659013881785 0.0
1.2660799700060443 0.0
-0.1644646985945712 0.0
0.1710802322270141 0.0
-0.10373659950539986 0.0
-0.42724422029399217 0.0
-0.34132993514328125 0.0
0.683619260245649 0.0
-2.626452762036848 0.0
-1.054099670978556 0.0
1.0161274593395107 0.0
0.23329164852854756 0.0
0.355268506032624 0.0
