30

-0.06308021629767908 0.0
-0.5098717231475485 0.0
0.6976350413450987 0.0
-0.29705603292174104 0.0
-0.24721832181393608 0.0
-0.8278486218838539 0.0
0.5430006994702158 0.0
0.593924756816263 0.0
1.8112599118388253 0.0
-1.1344611211769893 0.0
1.2155355562950036 0.0
-1.008633388302855 0.0
-0.06334767664760217 0.0
0.4182694254107345 0.0
0.4605453281067224 0.0
-0.3527048775773766 0.0
-1.1747388554583373 0.0
0.20105148003292705 0.0
-0.314129556572323 0.0
0.00887896522091505 0.0
-1.5757071516810917 0.0
0.11830107113306287 0.0
-1.190637696023761 0.0
-0.07558001346549721 0.0
-0.33207014882810937 0.0
0.9581066180838353 0.0
-0.44588370195184435 0.0
1.3896826394865942 0.0
-1.1713994474189369 0.0
-0.25129750720602595 0.0
