30

0.1398582656363241 0.0
0.1315821136704257 0.0
-0.08307297639872227 0.0
-0.3290705180831917 0.0
1.9629637036891228 0.0
-0.026979098768396555 0.0
-0.6475371172106029 0.0
-0.18249195672388685 0.0
0.6520384710016569 0.0
-0.9023891994799604 0.0
-1.4167375142030831 0.0
-3.5109608478229646 0.0
-0.4501149520690018 0.0
-0.62814077017297 0.0
1.2446708526091264 0.0
0.4609627230539926 0.0
-0.2992301529413623 0.0
-0.40712687288236515 0.0
-0.9925677346131032 0.0
0.2601610060732492 0.0
0.3357057696519603 0.0
-0.6500787925694879 0.0
-1.3306474947641291 0.0
-0.9702039045388345 0.0
-0.8570905201227221 0.0
-0.960628844770777 0.0
-1.0231337263451925 0.0
0.8131300755661316 0.0
0.9280927668931157 0.0
-0.5089418653512803 0.0
