30

0.06465793261637523 0.0
0.12392575056202092 0.0
1.6426311417809873 0.0
-0.5247557533431689 0.0
-0.6351946250822025 0.0
1.5669166147511877 0.0
0.7521737836543968 0.0
-0.26233236979417035 0.0
0.8887856078025846 0.0
1.28386063915512 0.0
0.5084466149404503 0.0
0.21943357134379912 0.0
0.08429806348199927 0.0
-2.0504282165239798 0.0
1.4711861828462511 0.0
0.17427969172531071 0.0
0.16531619387367322 0.0
-0.03427494561766885 0.0
0.2302785307403359 0.0
2.2391332640588404 0.0
-0.016101128452908495 0.0
0.5868898869591153 0.0
1.409919007484893 0.0
-0.5845478129983814 0.0
-1.5098224950126502 0.0
0.6403436430086242 0.0
-0.2974518681532597 0.0
0.06144241928307839 0.0
-1.0198279642247865 0.0
-0.2562322471427384 0.0
