30

-0.4161828922440839 0.0
1.1208370001314218 0.0
-1.0046816817473747 0.0
-1.0040616245683556 0.0
-0.24864789282691901 0.0
-1.4219498999014228 0.0
0.4044681587163465 0.0
0.6095209929820141 0.0
0.5261878226026886 0.0
1.1261679100019848 0.0
0.10395195937608573 0.0
-0.807717387449104 0.0
-1.120238413783866 0.0
0.20269258906256307 0.0
-0.467124212247774 0.0
1.2272407954584152 0.0
-0.3113064946394091 0.0
-0.5137944604138683 0.0
0.636992759625333 0.0
-1.827003646228767 0.0
0.3455873963971461 0.0
0.2396889781857057 0.0
-0.3187568419286756 0.0
0.33224546047822934 0.0
0.4090387941779481 0.0
1.5454469405137545 0.0
0.10316700702240834 0.0
0.8140754868162982 0.0
-1.1084942474776451 0.0
-0.4703393188949846 0.0
