30

2.4876155962579207 0.0
-0.1949784694472844 0.0
0.18947116916522222 0.0
-1.2605724244764023 0.0
0.03940752096798765 0.0
1.3496281363571083 0.0
-1.6240309965029105 0.0
1.5447778724136454 0.0
-0.27522438760942824 0.0
0.973972528824024 0.0
-0.09748526944854831 0.0
-0.3353203933109934 0.0
0.143092485767608 0.0
0.7173753147099721 0.0
1.0908539296768303 0.0
1.329619323107258 0.0
-1.0752650927720901 0.0
0.17247535397245517 0.0
0.9222882889034314 0.0
0.6667100412038997 0.0
-0.8593775802278586 0.0
0.5704890457019732 0.0
-1.9624992610934746 0.0
-0.2205574934420713 0.0
-0.6547700415359461 0.0
0.7410809946342396 0.0
1.703715296283251 0.0
-0.8265167432302836 0.0
-0.4247908109758362 0.0
0.4258579040371981 0.0
