30

-0.9219408951438717 0.0
0.2679805422938055 0.0
-0.1626598317470337 0.0
0.16807715489332728 0.0
0.5758792766046085 0.0
-0.9468334328426194 0.0
-0.33476726557978564 0.0
1.2844424149766847 0.0
-1.7098292258312104 0.0
1.029377808531574 0.0
0.7588696122479576 0.0
-0.0011049853970453714 0.0
-0.8424628591782874 0.0
0.8762755054966784 0.0
-0.1371621642175512 0.0
0.6006042165315484 0.0
0.3180339508654346 0.0
0.5516891042383687 0.0
1.141175511437793 0.0
-0.9042335370134434 0.0
0.3706337078668158 0.0
1.520058698774658 0.0
1.1551630507093578 0.0
0.1877382370525135 0.0
-1.0826439401110224 0.0
1.5919204911312734 0.0
0.3678698846134589 0.0
-2.3842299850570647 0.0
-1.559913841929209 0.0
0.12637148438159726 0.0
