30

0.9813057356490986 0.0
-0.16458171678090294 0.0
-2.285127373560392 0.0
0.48112679925453083 0.0
-0.5559788534468789 0.0
-1.3695909662014016 0.0
-0.007720395553832258 0.0
-0.29590637279240384 0.0
-0.29961206470464063 0.0
-0.9022324067386285 0.0
0.06551882219427861 0.0
-0.34818101228893994 0.0
0.2716639729329293 0.0
0.7930230777950352 0.0
0.47598841494647814 0.0
-0.9808208201175201 0.0
-0.3614128251286251 0.0
-0.7095477460509959 0.0
0.5614953828781266 0.0
1.2466848611004897 0.0
-0.35705543978666054 0.0
-1.5729156055871505 0.0
-0.12886106814155887 0.0
-0.4974626707777046 0.0
0.07507468124712519 0.0
-0.42148989261210984 0.0
1.3482266085471704 0.0
-0.06032341956912454 0.0
0.2073857013116624 0.0
-0.8371015246395322 0.0
