30

-0.6074911956387369 0.0
-1.9574106005990055 0.0
-0.32719070900094793 0.0
-0.8280438849583435 0.0
-1.4371336009366802 0.0
0.019804844764531766 0.0
0.9451326984539652 0.0
-0.6396407243364671 0.0
-0.39948471727938606 0.0
-1.0703949300111788 0.0
0.43173758793269146 0.0
-0.565111243324519 0.0
0.465444795292673 0.0
-1.7568796029558569 0.0
1.3435807155538633 0.0
1.5637443773096034 0.0
-1.2707902088420189 0.0
-0.6808991438591816 0.0
0.5475389541986758 0.0
0.586891928397711 0.0
-0.061787939761118967 0.0
0.15387717197718245 0.0
-0.36387492029042656 0.0
-0.6756973458013574 0.0
0.3911860498251599 0.0
-1.085910556765553 0.0
-0.25734762038197107 0.0
-0.8552349368845682 0.0
-2.07537459679006 0.0
-0.5100601753762392 0.0
