30

1.0702807890244346 0.0
0.5658776169314341 0.0
0.7436499703116992 0.0
-1.2197565054621637 0.0
0.4094908580983637 0.0
0.8086072235012871 0.0
-0.6735620869359193 0.0
0.06910046336269356 0.0
0.2600629749372783 0.0
0.733214958989318 0.0
0.10778306140711631 0.0
1.058140767047547 0.0
0.5136501149461042 0.0
-0.03095660593186779 0.0
1.0907683896556095 0.0
-0.7959414509166997 0.0
0.6439042997949297 0.0
0.7401138081892075 0.0
-1.0997558818574988 0.0
-0.7202079206072303 0.0
0.03807565894058688 0.0
0.7894714580025076 0.0
0.8399542719721753 0.0
-1.53945753284818 0.0
0.41572343271828527 0.0
0.31114312180730447 0.0
0.44638794369886997 0.0
-1.037533132148383 0.0
-0.009956431825424286 0.0
2.445522184304728 0.0
