30

0.545288243976879 0.0
0.4359286152258721 0.0
-0.9773046903607093 0.0
-0.5021142210126315 0.0
1.6924754370532038 0.0
1.5367145732653067 0.0
0.20851870765820327 0.0
-0.3321261260353822 0.0
0.04293155249700512 0.0
1.483273869822969 0.0
0.24781679741280233 0.0
0.38142329605359043 0.0
-1.5160440925667498 0.0
1.1114888653681865 0.0
-0.7501588926989305 0.0
0.26300154204452053 0.0
0.8484795740712604 0.0
-1.0313089298180715 0.0
-0.28586085133137495 0.0
0.6183850720921301 0.0
-0.553211862211426 0.0
-0.5491208777943752 0.0
-0.27460858702486546 0.0
-0.7472419895423468 0.0
0.07096025098456758 0.0
0.8176060700879804 0.0
-0.2103906505481873 0.0
0.6468678536358583 0.0
0.4019159361992015 0.0
0.44526541927645913 0.0
