30

-0.01918021428277907 0.0
-0.2912009834363358 0.0
-1.1784201079988268 0.0
0.7765084775714443 0.0
1.2562983688849279 0.0
-0.3857474910382313 0.0
-1.4375268755827084 0.0
-0.40639648157572633 0.0
0.2257678661938714 0.0
1.9732125338053232 0.0
-1.449573196213503 0.0
0.8064436782525145 0.0
1.6615115361620354 0.0
0.6189369374296396 0.0
-1.0748175989546156 0.0
-1.374660140198354 0.0
-0.7609381778373047 0.0
0.9590818835242124 0.0
-1.381359159173273 0.0
-1.1367057280317967 0.0
-0.31716585558474975 0.0
0.6897137387389303 0.0
0.8340244835682074 0.0
0.7834966845374622 0.0
-1.7847809244652746 0.0
0.38574198313413827 0.0
1.0754573426842298 0.0
-1.648971916181322 0.0
-1.35392441677183 0.0
0.9986857072470399 0.0
