30

-0.5455075280635863 0.0
1.9976343995104813 0.0
2.5467432388410054 0.0
-0.7192796237628695 0.0
-0.7787389594639449 0.0
-0.5705503789486237 0.0
-0.3872091951742292 0.0
0.9091419698761468 0.0
0.1569785771987703 0.0
0.04538410558200187 0.0
1.0285146093394135 0.0
1.8761295542431922 0.0
0.6472205179204221 0.0
-1.8806609606547537 0.0
-0.7005701912961119 0.0
-0.3437491085082035 0.0
0.22403897567701286 0.0
0.00511811686325517 0.0
0.3279603085228186 0.0
1.4385338196446862 0.0
-0.5868551321606505 0.0
-0.516284490162511 0.0
0.40262062282716243 0.0
-0.5751801939285204 0.0
-1.455088520188305 0.0
0.08698261668733273 0.0
0.14727054740590656 0.0
-0.491234519422795 0.0
-0.6344623287122746 0.0
-1.3547964852576262 0.0
