30

0.30110309778009214 0.0
1.0991456530966013 0.0
1.1590510786225223 0.0
1.3800685208933097 0.0
-0.01596924577848628 0.0
-2.0475679419432957 0.0
1.1941862187774086 0.0
0.8338299488375627 0.0
-1.5779057846979105 0.0
0.49559566705983615 0.0
0.8703235754547618 0.0
-0.8384760657224432 0.0
-0.023987724094526763 0.0
0.741652672337271 0.0
-0.9716545421298421 0.0
-1.4618043949058237 0.0
-0.8363435387872056 0.0
-0.34025568836480635 0.0
0.7091031119155472 0.0
0.4403612987034668 0.0
0.8209172738415624 0.0
0.8155688141803649 0.0
-0.8585067543204947 0.0
-0.5198629256445126 0.0
-0.7033830543141137 0.0
0.33394661742260345 0.0
-0.07733659816351207 0.0
0.4799130498706845 0.0
1.1245235424344768 0.0
0.678745343431302 0.0
