30

-0.41121855013261194 0.0
-0.04136807066612055 0.0
0.008284880958664842 0.0
-1.0735306593836063 0.0
0.5762810985978437 0.0
-0.5499419764982164 0.0
1.518851605463086 0.0
-0.8678662669396138 0.0
-1.4528622662605626 0.0
0.972811564681749 0.0
0.33446743732929424 0.0
0.4077826078849723 0.0
0.39992580539222605 0.0
-1.0140251256800845 0.0
-2.103959338607364 0.0
-0.2055596177457014 0.0
0.7358337484789164 0.0
-0.9913400446950612 0.0
-0.4564093687659946 0.0
1.815854290109935 0.0
-0.1325297181418759 0.0
0.08756194374767107 0.0
-1.1875175048489282 0.0
1.1550284055590714 0.0
0.08579765687487126 0.0
-0.15401533347698815 0.0
-0.3814422233319821 0.0
0.3201759880008646 0.0
0.38664856551304144 0.0
-0.14172781293112174 0.0
