30

-0.9697981732804888 0.0
-1.5293264747474968 0.0
2.1435577310528853 0.0
0.2645986896576896 0.0
0.3003364572332626 0.0
-1.5011201101541949 0.0
-0.42896184451584357 0.0
-0.21248685532638642 0.0
0.26076097898881007 0.0
-1.8987028837316027 0.0
-0.5396217267040839 0.0
-1.4502433120975742 0.0
-0.6347122715048014 0.0
-2.366348640622181 0.0
-1.758367399169601 0.0
0.42104367809549814 0.0
-1.265399019058762 0.0
0.8405700677947658 0.0
0.1010867089667756 0.0
-0.8402930268029352 0.0
-0.510284359806251 0.0
-0.03289756886615362 0.0
-0.6814437525008963 0.0
-1.1210222710034201 0.0
0.0850698548652705 0.0
-0.11367412084860705 0.0
0.506915488721068 0.0
-0.9202072647659618 0.0
0.4702351408634797 0.0
-0.14020403932163797 0.0
