30

-2.2964225338375037 0.0
1.0281602292725651 0.0
1.461520206258478 0.0
-1.2753955235341372 0.0
2.2933072999405337 0.0
-0.9307859395003703 0.0
0.2594930280370567 0.0
0.3689425972657108 0.0
1.1294392165311011 0.0
-0.4600972838802746 0.0
0.5525842018596758 0.0
-0.6819374789387238 0.0
-0.14763496419972158 0.0
0.09961382777760736 0.0
1.1341788671450894 0.0
0.7479352154716815 0.0
1.3957151614623182 0.0
3.1150146212943897 0.0
-1.4902265247898263 0.0
1.4407667939685895 0.0
-0.14810459320497976 0.0
0.36439898093439554 0.0
-1.2800736904584185 0.0
-0.9134231218423715 0.0
-0.40060031676287394 0.0
-2.274118431114015 0.0
0.448298589976579 0.0
-0.3064424172582649 0.0
2.132055390344703 0.0
1.092837464903583 0.0
