30

0.056357832277737455 0.0
-0.8799247526383434 0.0
1.2825169648926842 0.0
0.7590645655133788 0.0
0.107472719258431 0.0
0.0655803439195859 0.0
0.5404437835944017 0.0
2.2370612363136764 0.0
-0.9126315915956974 0.0
-1.8513317455804104 0.0
1.6834998261140195 0.0
0.7755140219804098 0.0
-0.3386969285049236 0.0
-0.605690564113183 0.0
-1.8304912331795045 0.0
-0.07017718878986164 0.0
0.827979841547447 0.0
0.9630517036764354 0.0
-1.0109062024047808 0.0
0.6736296814987272 0.0
-0.05411139041245023 0.0
-0.4456314976395529 0.0
0.6633721318640938 0.0
0.18396626767359753 0.0
-0.780769040756921 0.0
0.6040335038182024 0.0
1.181267720325397 0.0
2.3424598974157216 0.0
0.6336558795340707 0.0
-0.5651870252647968 0.0
