30

-0.6585100633859358 0.0
-0.6924655168890116 0.0
-0.4412994764826379 0.0
-0.4548912449111708 0.0
1.0652531708692352 0.0
-0.24298842375013474 0.0
-0.7951083063974546 0.0
-0.3330957477058286 0.0
0.6634664033111056 0.0
1.2885149946844512 0.0
-0.21797598958037673 0.0
-0.20534740120565437 0.0
0.448509210078923 0.0
-0.671943663083201 0.0
-0.03301566516135042 0.0
-0.24775023870347115 0.0
0.9218649662704904 0.0
-0.4673884550487826 0.0
1.6393220394003183 0.0
0.10408939689860955 0.0
-0.999319094282413 0.0
0.27950003736364426 0.0
-0.5606750591397472 0.0
-0.9659122304336452 0.0
-2.0155141712731215 0.0
1.0956065007460625 0.0
0.6453554783679879 0.0
-0.5341133828766398 0.0
0.28110585525546544 0.0
-1.6553785978991307 0.0
