30

1.1275227243306054 0.0
1.3033635148102456 0.0
1.3156449985442746 0.0
-1.6800084017370214 0.0
0.033961737751677296 0.0
0.7778192446417929 0.0
-0.1263623453966037 0.0
0.5307751481595385 0.0
0.8245794536093126 0.0
-2.6803490168023627 0.0
-0.04802582696439035 0.0
-0.48245609322781124 0.0
-0.05408303599532473 0.0
-0.8142269499510965 0.0
1.7207193108969083 0.0
-0.2253575363726958 0.0
0.7455681779817671 0.0
-1.0422387343770985 0.0
1.162948049673651 0.0
-0.9433333016982466 0.0
1.067095475079706 0.0
-0.7309075008772327 0.0
1.912615307517408 0.0
-0.8147829818265268 0.0
-1.022894292266544 0.0
0.5391783661144868 0.0
-1.0750548553556032 0.0
-1.8105329950926403 0.0
1.3415070136300724 0.0
-0.537404146749697 0.0
