30

1.000341935369384 0.0
0.298372739391662 0.0
0.6896617763642513 0.0
1.946667632226603 0.0
-0.44871946348994296 0.0
-1.8346710217625672 0.0
-1.0403408362946753 0.0
0.16905565277084025 0.0
0.1376847784583636 0.0
1.1207464419240274 0.0
-0.8323385188373095 0.0
1.163954514895591 0.0
0.44323387504548745 0.0
-0.8247553054109173 0.0
-1.480370054176838 0.0
0.8703797488992152 0.0
0.8061245470932302 0.0
-1.146647566414517 0.0
1.1764531963723597 0.0
-2.091100541869831 0.0
-0.6918995375274579 0.0
0.6074902100512195 0.0
-0.6526627626994017 0.0
0.5141185074739063 0.0
-0.24951569614911942 0.0
-2.353654122098438 0.0
-1.148172193586783 0.0
0.12960948159886712 0.0
0.9147865126082405 0.0
1.4645196763701924 0.0
