30

1.1178762309300736 0.0
1.1407832614110658 0.0
-2.4503920061527085 0.0
1.3372423655544743 0.0
-1.217455105476394 0.0
1.138661584236143 0.0
1.1520860965570652 0.0
-0.9488712597349757 0.0
-0.008518268731754913 0.0
0.10104173806547084 0.0
-0.7456820364326459 0.0
0.20539694981359288 0.0
0.6594241193173547 0.0
-0.7374228095520762 0.0
-1.028091665937001 0.0
0.096964556246661 0.0
-1.3542465724449206 0.0
-0.3257061100734707 0.0
0.6982421556850623 0.0
-0.9369180330864496 0.0
0.11773530308689922 0.0
1.7351348457423934 0.0
0.5398242570318712 0.0
-1.5989124458558346 0.0
-0.6551282586542367 0.0
-0.10392213067665056 0.0
-0.5875229675605352 0.0
0.2266636032566954 0.0
0.15553955725440058 0.0
0.6121323981831563 0.0
