30

0.18802370367009363 0.0
-1.9260285280414342 0.0
0.6835970218915922 0.0
-0.5817725614568748 0.0
-0.5033365002810842 0.0
0.6894548688621689 0.0
0.03748633251693155 0.0
-0.12168863868778622 0.0
-1.6197914296308757 0.0
-2.2192790882018585 0.0
1.4133360740976828 0.0
1.6335108803709772 0.0
0.13316023698203722 0.0
0.6415334044239753 0.0
0.36899573610352765 0.0
-0.6026231774364099 0.0
1.086473021454091 0.0
-0.7385757989526022 0.0
1.4247229002869566 0.0
-0.2974094335738924 0.0
-0.2651970300878602 0.0
-1.0758341565830896 0.0
-0.2676109895616729 0.0
-1.0203047093858557 0.0
-0.2897673462238505 0.0
1.950855352655958 0.0
-1.3290748919968962 0.0
-0.6377519368264665 0.0
0.850257024568716 0.0
0.2844129100094346 0.0
