30

-1.0516285373091327 0.0
-0.1345525442954852 0.0
-0.46095306759556576 0.0
-0.5037709191784969 0.0
1.245453575825017 0.0
0.4153528901361163 0.0
-0.8722647586699904 0.0
-0.11911959742494926 0.0
1.462627265447317 0.0
-1.3532646173872553 0.0
-0.7986433977972749 0.0
-0.254133409478671 0.0
-0.6354664545783006 0.0
-1.577162818703647 0.0
-0.3975051377789102 0.0
-0.4353481222420354 0.0
-0.4602798564417764 0.0
1.0508899238609046 0.0
0.7592968104412371 0.0
-0.8000271345888051 0.0
-1.2581170239803245 0.0
-0.6888031843513769 0.0
0.08833732761238376 0.0
0.25158195426875807 0.0
2.4877050797676676 0.0
-0.8230644084941402 0.0
-0.5369394541005534 0.0
0.6828213581901827 0.0
0.15493344030551084 0.0
1.71406170202444 0.0
