30

0.4138550794166513 0.0
0.03381858617504173 0.0
0.5937388302230108 0.0
0.06622877991289385 0.0
1.0931283529435454 0.0
2.087498138916753 0.0
-2.9275364074922154 0.0
-2.272378754310987 0.0
-0.28612246372418637 0.0
2.114078828385771 0.0
0.7508032766719515 0.0
-1.1871546599152103 0.0
-0.18786805508410304 0.0
-0.9858066828540731 0.0
-0.03283095661036212 0.0
1.1375743747276883 0.0
-0.0521892840574431 0.0
-0.8267547360335544 0.0
-1.1164267266172434 0.0
0.7067730444990425 0.0
-0.7352301233602814 0.0
0.3316979076064384 0.0
-0.265442796039978 0.0
-0.5280729277099389 0.0
-1.427590435609584 0.0
-0.5211347499799689 0.0
-0.3088865000262143 0.0
0.5701974221503169 0.0
-1.0985359797445065 0.0
0.7732116430154027 0.0
