30

0.8502649565199903 0.0
-0.2197869604339383 0.0
1.555281560158947 0.0
-0.347447927131886 0.0
-0.3592372461827186 0.0
0.9328566904259009 0.0
0.39471885066678225 0.0
1.2862745603626318 0.0
-0.12133572049349571 0.0
1.9256271116538453 0.0
0.3337841815297468 0.0
-0.3379234140696539 0.0
0.002322744046311923 0.0
0.029834044585570974 0.0
0.759941752833756 0.0
-1.3051117843927125 0.0
1.7996130485274788 0.0
1.835477629003201 0.0
1.5250224927726814 0.0
-0.5252498680291077 0.0
0.8310072947856302 0.0
-0.7272899744650213 0.0
0.16556360596904351 0.0
0.13420338681437383 0.0
-0.4414539291166521 0.0
1.0886954787841212 0.0
-0.7018256579205902 0.0
-0.0053727472592882426 0.0
-0.4902998590149309 0.0
-0.4971496014085497 0.0
