30

0.7997196361755162 0.0
1.1637745909846762 0.0
-2.0824465063627264 0.0
0.4888482586752855 0.0
0.7137708832584625 0.0
0.10249452052523557 0.0
0.6108184095314917 0.0
-0.07597274247927482 0.0
0.49834823238386083 0.0
0.5152853472167487 0.0
-1.157167359788377 0.0
-0.6365477365868866 0.0
0.37674472220637584 0.0
0.18213511202668736 0.0
-0.8585959776479285 0.0
-0.6874074728557936 0.0
1.048379947225568 0.0
-0.9005406613900739 0.0
0.28009219146826797 0.0
-2.1947287970423157 0.0
-1.1421443874300623 0.0
-0.0921835785462595 0.0
-0.6056861994994617 0.0
1.5025154227639954 0.0
1.0166861803322242 0.0
0.856372759899763 0.0
-1.5616657026514 0.0
0.8982479270983647 0.0
-0.8448273615744296 0.0
-0.950221451386776 0.0
