30

1.6240084357022952 0.0
-1.4417507548569841 0.0
0.9700739403673937 0.0
-0.20146823886219944 0.0
-2.0885864576224606 0.0
-0.2527571236900001 0.0
-1.8478317652982228 0.0
-1.0053026425449978 0.0
-1.613184075820553 0.0
-1.3961998960275526 0.0
-0.937499446965424 0.0
1.2116467871874639 0.0
-0.46772588469297605 0.0
1.0994504062897317 0.0
1.8640666419104954 0.0
-0.474966988695701 0.0
0.32969666445321344 0.0
0.019784317087649318 0.0
0.33487811388613237 0.0
-1.1742488953405605 0.0
1.1602264057293217 0.0
-1.2740498427464504 0.0
0.7511945806603816 0.0
0.22596583826385838 0.0
1.0937222341807196 0.0
-0.38301929600023654 0.0
-0.41888168897386785 0.0
-1.0080309904908065 0.0
-0.9145398429827668 0.0
-0.3369245010133396 0.0
