30

0.11689134703891262 0.0
-0.5132401991223937 0.0
-1.2165170587106804 0.0
-0.44384929882750856 0.0
-1.491753464199122 0.0
-1.2667914198914256 0.0
-0.9620323927761847 0.0
0.43933445429840173 0.0
-0.3778844977933015 0.0
-0.7540728962184372 0.0
0.6600399879651287 0.0
0.20679222041637946 0.0
0.22217850601359473 0.0
-0.5234676433832888 0.0
0.11206565698524627 0.0
0.11457618274041008 0.0
-0.42733025594796975 0.0
-0.8407642155913662 0.0
-0.41692229715857443 0.0
-0.20960022378101867 0.0
1.134014762453482 0.0
-1.567835974148855 0.0
-0.22280046063258774 0.0
-0.05141270355359923 0.0
0.08850649642373204 0.0
-1.3248131552191962 0.0
0.06730800338206858 0.0
-1.121107654420671 0.0
-1.9223911505253974 0.0
0.3182926951954012 0.0
