30

0.30786596568280067 0.0
-0.6624592229455281 0.0
-0.18781067078024175 0.0
-0.150461875984406 0.0
0.07379742061081522 0.0
1.6679479611932766 0.0
0.06666068736279773 0.0
-1.2844305825475077 0.0
-1.1681586742309393 0.0
-1.4162415237786543 0.0
-0.33948184655693253 0.0
0.21099373806549937 0.0
1.0369449522114176 0.0
-0.8300643647348078 0.0
-0.5060551310271539 0.0
1.8129231902317207 0.0
-0.13472387779497563 0.0
1.9896386449653078 0.0
-0.578760554461596 0.0
1.3366272895045404 0.0
0.7354761416029642 0.0
0.14233982073257423 0.0
-0.37565354404266266 0.0
2.5099576602695994 0.0
-1.2888773108535434 0.0
-0.6557130977471863 0.0
0.23671175291020177 0.0
0.6658776030470704 0.0
-0.7425843624703773 0.0
0.9246440089478435 0.0
