30

1.0797496512483569 0.0
-0.7293154389869353 0.0
-0.663623006060645 0.0
-0.31342933104452564 0.0
-1.3058260895945022 0.0
1.561806435300239 0.0
1.9665540538291983 0.0
0.02443719377287067 0.0
-0.5904938771694199 0.0
-1.3608779833656237 0.0
0.17555199891897574 0.0
-0.5827055044674843 0.0
-0.056553745104359 0.0
2.3473644022534876 0.0
-0.6347307784807212 0.0
-0.6629638163025734 0.0
0.49251793270308364 0.0
0.8864794647563747 0.0
1.193346441303003 0.0
-0.8113508434890206 0.0
-0.06719604787962233 0.0
-1.1699791844079082 0.0
1.36593551285694 0.0
-0.2081688854721296 0.0
-0.38314078657134115 0.0
0.25115339974856393 0.0
0.43973497395383876 0.0
1.184916943035296 0.0
1.8954258604337846 0.0
0.6192634374040807 0.0
