30

0.1133186476320344 0.0
-1.0717018213038771 0.0
-1.1323641823576251 0.0
2.0215497464431844 0.0
-0.5614150903488079 0.0
-0.047579264521406615 0.0
-1.2282347062250467 0.0
0.6261207546440031 0.0
0.284155549779687 0.0
-0.36169244593038713 0.0
1.2804027617270979 0.0
-0.5024403648389906 0.0
-0.9222778377716057 0.0
-1.0863500103072397 0.0
1.360385487109194 0.0
-0.42938336493922186 0.0
0.9050628751786574 0.0
0.42089085442861707 0.0
0.8540410557795747 0.0
0.12393033670875596 0.0
-1.8905742921240136 0.0
1.0377815512221222 0.0
0.6838631806176528 0.0
-0.937085064693239 0.0
0.1467211967654777 0.0
1.8434985113310716 0.0
0.26628815952811363 0.0
1.4121888907219153 0.0
-1.4460865007130366 0.0
0.01901890518851425 0.0
