30

0.3916332161228044 0.0
1.4020011650120956 0.0
-0.22635656809226548 0.0
-1.2619268976415574 0.0
-1.9814091839191423 0.0
1.2458278998711503 0.0
-0.060715945903275954 0.0
2.2888291582667284 0.0
0.039694907400557894 0.0
-0.7256355756268925 0.0
0.7367435849062721 0.0
-0.3781712755098005 0.0
0.1580190964181638 0.0
-1.3371149359140635 0.0
1.6532193275449152 0.0
0.5183256121840769 0.0
1.7792111374530633 0.0
1.3123813523008272 0.0
-0.6651724394320209 0.0
-0.04460453898012323 0.0
-0.9604571199921105 0.0
0.9835008883064799 0.0
0.03172464894665907 0.0
-0.3039255349466407 0.0
-1.2713705793925696 0.0
-0.8757087451047887 0.0
-1.8076141162065318 0.0
-0.7304827291012806 0.0
-1.6056859846324971 0.0
-1.3442786954951262 0.0
