30

-0.9400169511687415 0.0
-0.3782033511358369 0.0
1.9175093278104278 0.0
1.4862384576746972 0.0
0.6503479308103265 0.0
0.5769341398342472 0.0
1.6223085869127332 0.0
-0.04513259771200251 0.0
-0.4115211481273288 0.0
-0.3597376074203782 0.0
0.23662536184441701 0.0
-1.6493125244026927 0.0
0.7975806103168187 0.0
-1.02052756382496 0.0
-0.9233005594920345 0.0
0.36972351708226325 0.0
-0.04176377653676935 0.0
1.0848992944447933 0.0
-1.417051769153629 0.0
0.6719617124133103 0.0
0.05399765036796046 0.0
0.14745485471861935 0.0
-1.100119729861933 0.0
-0.9919044826017255 0.0
1.0263038958817103 0.0
0.28135095488172024 0.0
0.12838911591454677 0.0
-0.04763859135105819 0.0
-1.1649511726269826 0.0
2.334296739850957 0.0
