30

-0.7267057026096881 0.0
-0.7268932904670102 0.0
-0.06661682088624304 0.0
1.1121663416444691 0.0
-0.20242861557136224 0.0
-0.2458887191369022 0.0
-0.5723693756904806 0.0
-1.9743250963128651 0.0
0.015601919000042541 0.0
1.3229470542945412 0.0
1.1465344860576867 0.0
0.855700521146339 0.0
-0.5907223282612153 0.0
1.0412180966675713 0.0
0.11873713000627512 0.0
-0.5638967831277677 0.0
-1.6908933349074087 0.0
1.4574249391514151 0.0
-0.6197202585326237 0.0
-0.04047227559922504 0.0
-1.397402043901644 0.0
0.06617834752834606 0.0
-0.7476317746224109 0.0
-0.03833361675601202 0.0
-0.37281370517422835 0.0
1.4989248838971545 0.0
0.48670554198256766 0.0
-0.1839797059800409 0.0
-0.1345149732760791 0.0
-0.45749974281409284 0.0
