30

-0.14150830133895223 0.0
0.3143710300183117 0.0
0.9499929765710847 0.0
1.8499206632972909 0.0
-0.0976783390699438 0.0
0.16934507638339913 0.0
2.0000741315343853 0.0
0.08323076988774615 0.0
-1.148487023901874 0.0
1.0491723212001447 0.0
0.8131721030159645 0.0
-2.437658640041905 0.0
-0.7288096449161019 0.0
-0.5141661053560589 0.0
-0.32797827538235225 0.0
-0.27186379549715306 0.0
-0.649320650199242 0.0
0.3790931136934127 0.0
0.15544877799587703 0.0
-0.4682440729221759 0.0
-0.12112148122739332 0.0
-1.5470257578736832 0.0
-0.8724980589019787 0.0
1.6310336548474826 0.0
0.17044732485129327 0.0
-0.538681153773219 0.0
0.782175574913115 0.0
-0.4337512081886385 0.0
-0.8123163833837459 0.0
1.7041540898241108 0.0
