30

0.08830833874162607 0.0
-0.014882089480019269 0.0
-1.2192595152072534 0.0
2.571086362742831 0.0
-0.14649660066952513 0.0
0.3840231076412058 0.0
1.2850783866606008 0.0
-0.6149620365573812 0.0
-0.28427335543333315 0.0
0.2251271677672249 0.0
-1.2911224935415673 0.0
1.8103791262921052 0.0
-0.2234778400769281 0.0
1.250690163971491 0.0
0.12604582406302814 0.0
-0.16914063226194712 0.0
2.529448837517156 0.0
-0.6357321446273289 0.0
0.5582233160743169 0.0
1.0963289020725695 0.0
1.0595938352266616 0.0
-1.16662504628316 0.0
2.34789853631672 0.0
0.14853076282120867 0.0
0.4996350563059462 0.0
0.6712985326689489 0.0
-0.031042496644787206 0.0
-0.01891583165826487 0.0
-0.6558925758424624 0.0
0.27775998580704253 0.0
