30

0.9989196727767351 0.0
0.21948363384478145 0.0
-2.6048804428879677 0.0
0.4878651341530537 0.0
-0.6163282330951302 0.0
-1.0069459013124384 0.0
-0.501258176421236 0.0
-0.5654750127774282 0.0
-1.8684601947803678 0.0
-0.2037213216094026 0.0
-1.327694724839336 0.0
1.488256645890622 0.0
0.03953379429277562 0.0
-1.0063651786838572 0.0
-1.0799687644289164 0.0
0.4133823610714768 0.0
1.3669859006783778 0.0
-1.7830774490059538 0.0
-0.9112011859443323 0.0
0.4419339527956148 0.0
0.7941956881823624 0.0
0.6245873230588476 0.0
-1.2426572433423055 0.0
-2.030623414381116 0.0
0.5624325672779563 0.0
0.10123354422832684 0.0
-0.0314566330474533 0.0
1.5320423311058722 0.0
-1.0639405098914179 0.0
-0.925355063352845 0.0
