30

-0.04060408448834644 0.0
1.5639139927124808 0.0
0.9676606781956689 0.0
-0.8914247737461585 0.0
-0.5601749046468234 0.0
-0.39213715004315036 0.0
-0.06494513170572769 0.0
-0.28236509437243285 0.0
0.6491948277318219 0.0
-1.4082990832254925 0.0
-0.6076376170292006 0.0
-0.01999139369098747 0.0
0.6599663148638459 0.0
-1.0949273831790756 0.0
0.1882865446434101 0.0
0.6263585254289891 0.0
-1.3343653123334176 0.0
0.0399859188168171 0.0
-0.018382094304733348 0.0
1.4657747463506905 0.0
-0.863334660114361 0.0
1.0648210006171206 0.0
0.7302208152082842 0.0
0.08959695249084848 0.0
-0.16533199420956704 0.0
-0.5480068746951039 0.0
0.7330331348247352 0.0
-0.19905925241120423 0.0
-0.6258196204216405 0.0
-0.4302289802461485 0.0
