30

0.5542510705512628 0.0
-0.5364410068588051 0.0
-0.667821220587778 0.0
-1.6462378145633612 0.0
-0.730356359213993 0.0
0.30936389353917704 0.0
-0.5086661772783686 0.0
0.37901350373335635 0.0
-0.9059112868295469 0.0
-0.6843066825446995 0.0
-0.05652996602084976 0.0
1.1780951577645782 0.0
-0.40175269082680665 0.0
0.9687989610794953 0.0
0.3885900135325531 0.0
0.9806077369957479 0.0
0.7446147131982362 0.0
1.0136773663005685 0.0
-1.2455368867533123 0.0
1.2604043878193945 0.0
1.1407481132664397 0.0
-0.049788221344936184 0.0
-1.3032692721783683 0.0
0.35770789508072337 0.0
-1.5854561326630094 0.0
1.9328319385103654 0.0
-0.17041883030843952 0.0
0.4558188455059498 0.0
-0.2578907906853956 0.0
0.35380260530858443 0.0
