30

0.5278896131192045 0.0
-1.116516129343656 0.0
0.1170622444266855 0.0
1.4923425202378549 0.0
-0.4674901864223929 0.0
-2.0175106460677585 0.0
1.3512208762861455 0.0
-0.5419896093715924 0.0
1.3556110135944535 0.0
-0.8893337593173044 0.0
0.7802638214881847 0.0
0.48922063132064275 0.0
-0.6648578813378053 0.0
-0.11750357028474334 0.0
-0.7999829538263543 0.0
0.32369040100523383 0.0
0.14248873574442622 0.0
2.7922954935983784 0.0
0.5263883455589811 0.0
0.1677808592416765 0.0
-2.6458942714839844 0.0
-0.3868928002565195 0.0
1.8218722637487237 0.0
-0.929501286713091 0.0
0.4700640704006101 0.0
-0.18938805896667965 0.0
1.1850825826692573 0.0
2.80987267909686 0.0
-0.03333618569446071 0.0
1.0596885341265867 0.0
