30

-1.3650484893133958 0.0
-0.18626109251676692 0.0
-1.3835411377307905 0.0
-0.0046639065669531726 0.0
1.4546162160023968 0.0
-0.5389739490949268 0.0
-0.7200396664131916 0.0
-0.2424997006375175 0.0
0.3584956420321252 0.0
2.136978126645912 0.0
-1.3034406973777435 0.0
-0.3350601682676646 0.0
0.5801908620617514 0.0
-0.08468017037572362 0.0
0.3585137355544749 0.0
0.08576500734710933 0.0
0.21470931053568376 0.0
0.21903090095561242 0.0
1.1068058619660264 0.0
0.7787857228699726 0.0
1.7607306333855004 0.0
0.9975608428609561 0.0
-1.1634353131725035 0.0
-0.02653891106962539 0.0
-0.1380001050602407 0.0
1.1734892477580574 0.0
-0.5825407570672823 0.0
-0.7801171755786352 0.0
-1.1703856728739341 0.0
-2.0347118223985134 0.0
