30

-1.5418432794598644 0.0
-0.6858916845073969 0.0
-0.6930265193170977 0.0
-0.9321364582014533 0.0
-0.1685794003646781 0.0
-1.3973325598735986 0.0
0.5350716111408277 0.0
-0.635785822461217 0.0
0.14127159479415416 0.0
-0.4797966984182908 0.0
-0.8859862864260247 0.0
-0.13059356065454159 0.0
-0.8006477271728437 0.0
0.7356413293641015 0.0
0.25569815660189976 0.0
-0.5667785176280733 0.0
0.0730208962661804 0.0
0.22121944617648923 0.0
-1.118247700808705 0.0
-1.3322534760536695 0.0
-0.22211583232696558 0.0
1.0008911349944272 0.0
-1.2492889391210023 0.0
-0.5784480525289536 0.0
-1.02691937213805 0.0
-0.3326798399634001 0.0
1.0184386429128964 0.0
0.01723530090279943 0.0
2.315092518498615 0.0
0.34853920456527787 0.0
