30

-0.36661122052093764 0.0
2.5774022101723855 0.0
-0.3081520419589066 0.0
-0.21573101032722497 0.0
0.41320909918326937 0.0
-1.5605537775285359 0.0
-2.1688919464026317 0.0
-0.15442516697972414 0.0
0.2650256636040062 0.0
1.2314253438387202 0.0
-0.3976211463439503 0.0
0.6480510522819675 0.0
0.0950778141215508 0.0
-0.6453075309617161 0.0
-1.383260849469972 0.0
-0.2404714996191809 0.0
-2.003034397812456 0.0
2.3977167197431872 0.0
0.3738739518679987 0.0
0.36447458537208755 0.0
1.7832911347165488 0.0
-1.2476510125666413 0.0
-0.18648229938895278 0.0
-3.0539185621284393 0.0
-1.7618489731255975 0.0
-0.4525129645717225 0.0
-0.47423198152936025 0.0
-0.573406354545363 0.0
0.4850830450590906 0.0
-1.941681715442261 0.0
