30

0.9963190856962972 0.0
0.26182654490944574 0.0
-0.8998830888721202 0.0
1.867152965334536 0.0
-0.012157936720569334 0.0
-0.6266103465209331 0.0
0.10061577961848793 0.0
-0.05022302429615278 0.0
-1.3835257423185316 0.0
-0.056573408125173544 0.0
-0.4349595219622596 0.0
-0.1326781821147197 0.0
-1.2712099357860294 0.0
1.1694655291380283 0.0
-0.571535881905357 0.0
-0.0423758067371737 0.0
-2.3567797900942917 0.0
-0.903499938370981 0.0
0.04479496274672717 0.0
-0.3446807113586664 0.0
1.744550498257231 0.0
0.011872424943671515 0.0
-0.14354826259635342 0.0
-0.6083973025566509 0.0
-0.7994631404332104 0.0
-0.1975493526371807 0.0
1.1702136971152866 0.0
0.46443342400100296 0.0
-0.033590785757513265 0.0
0.8853712101977724 0.0
