30

0.6442494633968888 0.0
-1.0106915893868067 0.0
-0.2938797416623242 0.0
0.49266940615135874 0.0
-0.5731245334589409 0.0
-0.1533971123677538 0.0
0.1312356592993152 0.0
0.4962516567466961 0.0
-0.6250240134255353 0.0
0.9149256416844667 0.0
-0.10919041286034219 0.0
-0.0500621705130022 0.0
-0.8098472414452255 0.0
0.7390139746778978 0.0
1.854860364366457 0.0
1.5887340306436117 0.0
0.9060666898320725 0.0
2.333703649818853 0.0
-0.042853985500526 0.0
0.39598001702054925 0.0
1.3488711578713142 0.0
-0.9215764309833437 0.0
-0.4883461811854725 0.0
-0.7235886301603756 0.0
0.5596072980595517 0.0
-0.20963335226694002 0.0
-1.1493189195479216 0.0
0.5034953546563075 0.0
1.1541933271398321 0.0
-0.5009437434893347 0.0
