30

-0.6192052617949068 0.0
2.0659695216082876 0.0
3.0531006890520036 0.0
0.26610406606097275 0.0
1.5881684064918549 0.0
0.6584481458072385 0.0
2.557650149879135 0.0
0.7010170713037521 0.0
0.44545148250585764 0.0
0.6757813968186006 0.0
-0.9559436618362618 0.0
1.660625687913469 0.0
-0.45377956061875957 0.0
0.9505624461515687 0.0
-0.039086253222992876 0.0
0.09629108809419394 0.0
-1.9642976946028374 0.0
1.6598981201604435 0.0
0.38485546766245654 0.0
0.006135469029205155 0.0
0.6684814238843451 0.0
0.4430999322675697 0.0
-0.851529874519049 0.0
0.22739347114033112 0.0
1.1394124405908308 0.0
-0.8775852771648717 0.0
0.35669188685109143 0.0
-0.05616011623780604 0.0
-0.26582507948375206 0.0
1.0103840295779272 0.0
