30

1.6723756990054124 0.0
0.17968424300754895 0.0
0.8492109658647314 0.0
-0.1007854810629971 0.0
0.5809226336935265 0.0
1.2711106989458962 0.0
-0.4157200937122317 0.0
1.4950879595550857 0.0
1.147979903986361 0.0
0.348907057076661 0.0
1.8357328810355056 0.0
0.5702453998920393 0.0
0.03928110818798506 0.0
-0.8874867744091172 0.0
0.20930984937462221 0.0
0.019749750062025822 0.0
0.47726644972832766 0.0
-1.437545468969359 0.0
0.09882870377555146 0.0
-0.9939080967210183 0.0
-1.603747949150473 0.0
1.4074514968635985 0.0
-1.245984046890062 0.0
-0.23863069631702152 0.0
0.19718609335150575 0.0
0.9507041156507189 0.0
1.079967962041997 0.0
-0.9633675894447039 0.0
0.2972927450850362 0.0
0.3053667061123728 0.0
