30

0.5719379030953594 0.0
2.2525029116076847 0.0
-1.4109869893177582 0.0
-1.1260691674946104 0.0
1.261339013277847 0.0
1.1087964552272052 0.0
0.5719201262733953 0.0
0.9884222756580989 0.0
1.6534405824197025 0.0
0.17804508294496138 0.0
-0.1997630128314717 0.0
-1.0202311774858326 0.0
1.1362974412062317 0.0
1.6103197031133816 0.0
1.0966505852147979 0.0
1.9672740116430354 0.0
-1.213990178599244 0.0
1.8679088194451021 0.0
0.3372320343491472 0.0
0.6150311208919916 0.0
0.3245958726032605 0.0
-0.0498984572561403 0.0
2.346988640884146 0.0
0.15786477371618166 0.0
-0.6912174998120599 0.0
1.518671201107534 0.0
-1.3680807869197882 0.0
1.5120393837814292 0.0
-0.0537275322096886 0.0
0.15526549115169008 0.0
