30

-0.7595749020170237 0.0
-1.2084085519898025 0.0
-0.5644359885018151 0.0
-0.19480239697944796 0.0
0.4219187105509242 0.0
0.24889331111445756 0.0
1.1599865908652807 0.0
0.5772418349819776 0.0
-0.19488677919011466 0.0
-0.3874000278730195 0.0
-1.14255555423477 0.0
-1.7508323299430275 0.0
-0.459953800179887 0.0
-0.76241134226971 0.0
1.2811824130880627 0.0
-0.7517021781569352 0.0
1.9827738439788638 0.0
0.5986362308515795 0.0
0.19870506693252724 0.0
-0.15509766511075757 0.0
-0.5658407728216024 0.0
0.542475676331073 0.0
0.31994888423539897 0.0
1.1357700378773374 0.0
-1.725138093497917 0.0
-0.6336615093702722 0.0
-1.0355364753800425 0.0
-2.0465706801766235 0.0
-1.667593451383261 0.0
-0.8450192015586886 0.0
