30

-0.2880404177737366 0.0
0.5183846872263326 0.0
0.0899472381174437 0.0
0.3829356088675469 0.0
1.0059677298698775 0.0
-2.1815478611969983 0.0
-0.6398428803851958 0.0
-3.0728392505881588 0.0
0.09140582836323959 0.0
0.8201826244102712 0.0
0.2855612933062779 0.0
0.8185781703194874 0.0
-1.8301728360766505 0.0
0.5004320709628826 0.0
0.625903983080429 0.0
0.7309253070235876 0.0
0.3053066971376324 0.0
0.04081277752660844 0.0
1.9040540695460317 0.0
0.4406008599270559 0.0
0.478714953150519 0.0
-0.8915653465500073 0.0
-0.3764625298554997 0.0
-0.40316314948585313 0.0
-0.018666107767985034 0.0
-0.7019222868404151 0.0
0.9959849610718644 0.0
-0.34216060067692267 0.0
-0.1912422636060993 0.0
0.9864311295712178 0.0
