30

-1.6259063701364087 0.0
0.4696796225105673 0.0
-1.3737543248118138 0.0
1.2842213025866769 0.0
-0.21706180984583218 0.0
0.266580664075575 0.0
0.5337719213908871 0.0
-1.9789814613023302 0.0
-0.6551528400405646 0.0
-1.9087071044875232 0.0
-1.2694391464579506 0.0
0.027137931266821465 0.0
-0.9595787624963803 0.0
0.06346528010663924 0.0
0.1926263366246348 0.0
1.2012485316764616 0.0
-0.06951645944176829 0.0
1.8012095401957995 0.0
-0.3185930268902399 0.0
-0.7087775741919679 0.0
-0.813460648159422 0.0
0.1455645502803858 0.0
0.8030833003282487 0.0
-1.529629811421476 0.0
1.1351031097788535 0.0
-1.1788536832197538 0.0
1.1151172285934081 0.0
-0.3383854390933845 0.0
-0.5448366961992305 0.0
-0.2787785710372713 0.0
