30

-0.18083269629622745 0.0
0.24168377003991057 0.0
2.459609983864988 0.0
-0.5982029745393445 0.0
-1.2882371994801316 0.0
-0.9076887118243134 0.0
-0.21817053043924708 0.0
0.5900280437968877 0.0
0.458016429395478 0.0
-1.555460826524996 0.0
-0.7834272077213803 0.0
-1.2907713193226027 0.0
-0.8683004419333858 0.0
1.3696033505324465 0.0
0.08576354594187267 0.0
0.944557661805958 0.0
2.0803253570573506 0.0
-0.10730933065796297 0.0
1.105227720319499 0.0
-2.564632290382616 0.0
-0.15853461232968266 0.0
-0.8536253741227289 0.0
0.6664173254683281 0.0
0.4112427793426334 0.0
-1.6810067344903414 0.0
-0.26475895249750436 0.0
1.3173533350557942 0.0
-0.40333526554091237 0.0
-0.3414480028267546 0.0
-2.0577000985350744 0.0
