30

0.22832065984466154 0.0
0.2998885133234128 0.0
0.15910600800497451 0.0
-0.4947799555460739 0.0
1.4863383258183858 0.0
0.953896578586597 0.0
0.27035127020372696 0.0
-0.23432699545237606 0.0
-0.008098385148524566 0.0
1.4340914758319607 0.0
0.435158511318072 0.0
-0.946684046179736 0.0
0.4475371025304755 0.0
0.07600945514964226 0.0
-0.5618565005342259 0.0
-0.5118069149706752 0.0
0.7175716057893664 0.0
0.06653029088293325 0.0
-0.8221203394962916 0.0
1.6047131764517761 0.0
0.4958126257955742 0.0
-0.9339683445487609 0.0
1.5932254245907342 0.0
1.4618591413217272 0.0
0.989308032764332 0.0
-0.4443759594631486 0.0
-1.1835372179719723 0.0
0.07154387706469625 0.0
-0.32898971028334156 0.0
0.22653881032744838 0.0
