30

-0.6394288578992511 0.0
-0.32633067580256375 0.0
0.5032628015834711 0.0
-1.0246503621644596 0.0
-1.0208535692750271 0.0
0.274141981208294 0.0
2.48606103732186 0.0
0.14977908735682632 0.0
0.07593445964310551 0.0
0.6604289008117892 0.0
-0.5624246961773903 0.0
0.2238521719056867 0.0
-1.268000694462189 0.0
0.6940266949069545 0.0
0.48273202119886305 0.0
1.426149349946645 0.0
-0.516661121088228 0.0
1.4235994245223047 0.0
-0.7633717527797702 0.0
1.7460896409196736 0.0
-1.1243592705038001 0.0
0.5067771472238237 0.0
-0.7117768328312357 0.0
0.6022574137745783 0.0
-0.7171064346735531 0.0
1.4419069128171371 0.0
-0.8847324665256414 0.0
-0.9960480031682145 0.0
0.8795778438124994 0.0
-0.73175337664189 0.0
