30

1.5424473964982028 0.0
-0.5808277717799576 0.0
-0.6405768360302704 0.0
-0.38424090981314063 0.0
-0.9435210424950621 0.0
-2.183620539865166 0.0
-0.5538383376234095 0.0
-0.6967348482750167 0.0
-0.04360200825221404 0.0
-0.32473892786361647 0.0
1.227138448984233 0.0
0.8445222739236791 0.0
1.5439530404721764 0.0
-2.9511049303820855 0.0
-0.4229075194329872 0.0
-0.07449036327313832 0.0
0.9304793964109955 0.0
1.1299964804626317 0.0
-0.7866461159932447 0.0
-0.08812353929274279 0.0
-1.2106455142708388 0.0
0.6480128932336598 0.0
-0.20379734022678817 0.0
1.1465122928933302 0.0
-0.18617277610529465 0.0
-0.7095749419578867 0.0
0.7689779550522357 0.0
-1.0713197576943718 0.0
-0.11077785996530622 0.0
0.7474508651067924 0.0
