30

-0.3679733986142461 0.0
0.17892933847628273 0.0
0.21958393261508063 0.0
-0.1754939337996185 0.0
1.2161232578632029 0.0
0.20300602724159014 0.0
1.53878765470472 0.0
0.022492839792575863 0.0
-1.0236570815656463 0.0
-1.1705595750664342 0.0
-0.1604244132655278 0.0
0.04762681722705622 0.0
-0.7625659916269056 0.0
-0.33798151071009436 0.0
1.4674420984052132 0.0
-0.7072052532247043 0.0
1.1382138283138639 0.0
-0.24498522956183968 0.0
0.7369038929143512 0.0
0.5443125546883029 0.0
0.44707305673133413 0.0
0.27964569916862103 0.0
0.7350298343349579 0.0
-0.05289962688038624 0.0
0.19594862689878298 0.0
1.210067896257045 0.0
-0.6339416570076851 0.0
-1.4588160920936162 0.0
-1.4114908013975167 0.0
-1.4172022819473602 0.0
