30

0.33217022851649525 0.0
-0.607802185325768 0.0
-1.0072348376457596 0.0
-0.2620953502317622 0.0
-1.3784405685802983 0.0
0.4572424716876983 0.0
-2.0794517692999417 0.0
0.32481422395901766 0.0
0.05985623229785428 0.0
-0.570208569002331 0.0
-0.5345017088556862 0.0
2.9679764868818586 0.0
-0.8534455232267091 0.0
0.2635492450152142 0.0
1.4268994728505582 0.0
0.15222588916078664 0.0
0.09905820108295008 0.0
1.8297122209411922 0.0
1.0801719078765113 0.0
0.043949314154226635 0.0
-0.4379011429120701 0.0
1.3719529140661346 0.0
-0.48959000191561686 0.0
-0.04155464614540031 0.0
-0.6320047845075125 0.0
0.2783163015361334 0.0
-0.4712486730257511 0.0
-1.6198417084079164 0.0
-0.5215322122201446 0.0
-1.8206846838529311 0.0
