30

-0.8721570603094331 0.0
-0.1510882870191936 0.0
2.078873707135171 0.0
-0.6675350907470637 0.0
-0.7534636799515262 0.0
1.2102232369022117 0.0
-0.7051229947248586 0.0
-0.43236673454985636 0.0
-1.2617628262201643 0.0
-0.042724655411316224 0.0
0.08788129505548839 0.0
0.874277494773781 0.0
-0.7122608587165172 0.0
0.9635504971525446 0.0
0.02887035715291082 0.0
0.24208622072107416 0.0
1.834914973677823 0.0
0.16965151721785726 0.0
0.9158669070386422 0.0
-0.8753696868065645 0.0
-0.16327174232524802 0.0
0.6612138296918664 0.0
1.0149507596530045 0.0
0.5895895070427525 0.0
-0.2717541633866493 0.0
-0.0586663620022533 0.0
0.6517536842269753 0.0
-1.1666065172058309 0.0
-0.7236453984690207 0.0
0.6467636089007598 0.0
