30

-1.6825728555789448 0.0
1.091555040854921 0.0
0.9281735174975758 0.0
0.11238892000522274 0.0
2.1884519103990003 0.0
-0.6343332539863714 0.0
1.9303225276616356 0.0
0.5086571113948493 0.0
-1.390895274251487 0.0
-1.7605567565658502 0.0
0.1163774396367742 0.0
-0.7972299178723146 0.0
-0.12395779116441522 0.0
0.08520443328736721 0.0
0.710808928275233 0.0
0.14881215076770496 0.0
-1.3612662542607408 0.0
1.502902347305123 0.0
-0.6870011854913165 0.0
-0.858665432619704 0.0
-0.647620115759144 0.0
0.4672693146573672 0.0
1.3995220396428198 0.0
0.2560966639143604 0.0
0.7791378852262217 0.0
0.7894887077167747 0.0
-0.2559096538337371 0.0
1.5603389737111961 0.0
-0.6250815701342919 0.0
1.2069481359182386 0.0
