30

-0.23068771787062656 0.0
0.8209185209146223 0.0
0.3414226024503544 0.0
0.8660965234362853 0.0
-2.1285517810550463 0.0
1.334552521427902 0.0
-0.3176708058920561 0.0
-0.4775312803847483 0.0
1.0128921461098963 0.0
0.6511339056664538 0.0
-0.05114108606128086 0.0
0.7827834772776204 0.0
0.15924750533810425 0.0
0.6925058367035445 0.0
0.3090273406189052 0.0
0.631748013779982 0.0
0.9615994218197986 0.0
2.3043877603542717 0.0
-0.21096564725698108 0.0
-0.06556681650658426 0.0
0.16881331490979185 0.0
-0.17721458342836977 0.0
0.7828706046149149 0.0
-0.9958445790590813 0.0
-0.48306124787151117 0.0
-0.08122177776824908 0.0
-1.8591647992251976 0.0
-1.2736903953480598 0.0
0.2710140114965474 0.0
-1.377556361644973 0.0
