30

-0.7605651210936694 0.0
-1.3490496453977106 0.0
-0.22274165987102976 0.0
-0.552219796846919 0.0
0.4277887113737048 0.0
-0.08787624304615542 0.0
-0.005482412675302361 0.0
-0.3342229570996196 0.0
-1.8132803668247781 0.0
0.5678825583083692 0.0
-1.2799873538346778 0.0
0.4838687185685833 0.0
2.3935819739368958 0.0
-0.18069301132287496 0.0
-0.6126257580473726 0.0
-1.5522563783723784 0.0
0.6635238359103539 0.0
-2.479929940051824 0.0
-1.2737531114990854 0.0
-0.5830453921051248 0.0
-0.5159940166579069 0.0
1.1014266365913614 0.0
-0.39235300855311095 0.0
-0.3796480033609986 0.0
0.6480124232442573 0.0
-1.0297665449790923 0.0
-0.6115648885445603 0.0
0.4035260967760834 0.0
0.060807031193415156 0.0
-0.07931299917237884 0.0
