30

-1.1249846372168653 0.0
-0.058032756264781764 0.0
-0.4327646900144229 0.0
-0.5948341239768123 0.0
-0.0777554983939778 0.0
-1.0002492682433655 0.0
-1.8310709005267334 0.0
1.7355000456179674 0.0
0.35318321501345906 0.0
1.4435005924352546 0.0
0.48672761494505257 0.0
0.6658151722976016 0.0
-0.2213204977203614 0.0
0.8591821773486509 0.0
-0.7398782876340716 0.0
-0.5007670294411809 0.0
0.5188172689017078 0.0
-0.6931424869224568 0.0
-1.715622960544413 0.0
1.663758580233645 0.0
1.9960033272818973 0.0
0.20580271091436358 0.0
1.2031121658614978 0.0
-1.155625930463428 0.0
2.299740337562045 0.0
-0.4453085929004266 0.0
-1.311802223132435 0.0
-0.8520844871187702 0.0
-0.951677704766316 0.0
-1.010577668718638 0.0
